1000 10000
495 482 1
579 575 2
184 644 9
849 451 2
778 522 2
90 216 8
415 0 4
855 805 1
896 457 1
679 422 7
704 269 1
854 848 8
987 384 3
25 233 6
649 364 9
250 454 7
449 221 7
93 76 5
343 324 2
835 355 6
213 60 7
73 266 7
213 254 1
997 631 5
232 280 1
990 530 5
317 332 8
995 777 6
831 120 10
125 308 6
192 521 6
529 947 2
65 160 6
338 157 8
492 741 8
714 84 1
390 753 3
287 748 10
612 932 2
261 409 2
618 601 4
683 482 3
15 900 3
952 238 2
521 82 5
371 796 9
751 186 2
815 473 3
656 437 7
969 50 6
591 669 9
734 352 2
176 719 2
130 24 2
593 545 4
797 916 10
438 19 6
479 186 1
973 842 8
399 812 8
234 403 9
375 489 2
646 17 3
169 499 9
930 444 5
773 593 3
764 31 5
589 863 1
239 836 4
678 236 8
167 822 3
326 197 2
189 195 1
123 716 10
82 998 4
938 123 9
710 887 1
206 476 4
537 67 2
62 97 10
751 265 3
843 943 2
776 132 10
726 607 6
527 689 7
772 979 10
610 690 8
480 248 4
565 785 4
487 199 1
996 950 8
680 793 1
914 569 5
343 647 3
840 174 2
336 946 4
308 557 6
815 389 4
150 307 2
553 794 1
406 142 2
523 175 7
584 89 9
128 432 6
280 624 3
474 313 9
647 621 8
862 436 10
677 938 7
278 492 3
79 250 7
182 773 2
430 709 1
248 838 5
66 470 10
58 296 5
348 295 6
548 509 4
489 187 2
737 817 6
779 896 6
667 430 10
379 861 9
531 461 9
116 879 2
677 937 10
551 638 6
398 186 7
681 675 6
254 412 4
320 543 2
635 210 5
76 941 8
227 825 9
215 941 1
378 970 8
838 873 6
593 271 4
561 304 1
717 558 5
42 230 8
615 866 1
619 942 4
188 521 9
219 737 2
129 115 4
976 953 7
814 898 10
189 812 4
240 881 5
406 923 5
116 890 3
388 862 8
601 50 9
992 269 6
675 398 4
329 375 9
855 541 10
5 82 2
810 674 3
526 81 8
473 197 10
285 585 2
392 186 3
21 530 2
738 206 1
923 535 8
62 742 9
803 99 3
4 262 8
438 788 9
147 261 6
746 899 1
208 291 9
720 664 2
501 755 8
33 678 5
940 92 7
740 895 9
623 251 1
180 41 1
818 188 5
5 287 4
425 495 7
735 567 4
576 420 9
975 454 9
909 394 4
938 487 1
66 110 3
808 290 6
690 460 5
834 465 2
877 242 9
916 977 6
619 906 8
77 881 2
917 143 9
850 433 6
31 851 6
815 659 8
640 349 8
6 536 5
659 765 7
159 681 6
874 300 2
362 729 6
655 999 1
343 849 4
518 232 5
155 399 6
82 40 5
821 398 3
25 58 9
823 217 10
599 444 3
632 158 4
899 165 3
309 509 3
152 379 7
198 535 7
903 969 9
310 791 7
252 816 7
960 640 7
350 591 1
744 223 1
867 475 6
990 784 7
314 289 7
870 487 4
178 391 3
526 701 4
625 305 3
781 266 5
507 968 6
29 712 1
61 579 6
907 569 3
965 235 2
51 458 1
24 636 4
319 163 7
52 788 3
306 921 9
200 781 7
37 810 1
98 872 10
985 131 2
9 96 9
322 500 7
123 876 4
18 195 9
615 248 9
517 554 10
37 107 1
525 144 4
725 594 8
856 932 1
909 941 9
198 616 9
944 91 6
679 109 1
577 76 1
615 945 8
927 982 7
19 859 1
922 584 8
401 793 10
11 702 3
70 252 1
980 197 2
415 876 4
398 806 10
980 421 6
469 700 10
65 720 10
158 994 6
197 748 9
168 759 4
80 181 6
313 162 3
284 929 2
717 679 8
579 12 1
34 481 4
823 899 4
824 409 10
410 606 8
140 774 10
573 206 1
259 519 5
493 804 7
604 873 6
873 452 8
916 838 2
659 14 1
474 838 10
283 600 8
193 741 2
862 314 10
712 573 10
429 419 6
75 375 9
400 601 4
90 517 2
261 528 8
683 354 7
514 637 7
951 830 10
514 44 5
283 757 10
572 186 1
17 613 7
688 13 8
163 103 7
124 716 5
452 399 1
970 265 8
88 216 1
948 82 7
474 366 4
925 290 2
796 660 5
42 700 1
889 863 6
957 339 3
553 143 4
503 113 2
442 554 8
564 854 3
731 328 9
654 253 9
468 401 1
894 443 1
686 684 4
582 641 4
546 194 9
261 49 3
242 492 9
792 56 3
424 787 1
774 794 6
414 614 8
715 860 3
715 547 8
931 129 1
134 27 8
184 288 7
348 883 1
66 675 8
638 451 7
890 225 3
748 639 7
655 354 8
357 422 7
96 353 6
829 839 5
756 23 3
84 372 8
905 438 3
134 429 4
150 319 9
665 67 1
441 74 5
430 784 7
966 880 10
983 61 9
27 817 5
712 254 7
279 159 5
874 645 4
567 147 6
838 812 3
748 606 10
364 36 4
403 355 4
442 690 6
673 70 5
927 782 1
905 61 10
969 287 7
815 855 5
332 45 7
916 145 3
575 509 2
18 912 9
694 707 9
431 732 9
337 11 3
498 916 7
169 237 4
486 404 1
950 736 6
226 653 3
461 228 3
84 599 7
62 293 6
82 724 8
173 61 9
397 911 7
683 81 5
257 567 1
389 517 8
567 95 3
889 908 1
73 992 2
522 406 5
677 841 1
565 14 5
815 411 6
334 447 7
90 56 4
250 445 3
499 12 1
401 902 9
884 327 4
965 849 10
692 527 1
142 444 7
6 611 1
782 297 8
638 387 4
414 990 1
706 489 4
446 243 8
447 127 5
440 444 7
839 136 4
432 279 10
390 637 3
760 419 1
929 410 8
154 176 8
825 882 10
860 681 3
149 128 2
765 568 6
231 759 3
576 543 4
717 934 1
470 46 3
520 328 5
309 834 1
89 659 3
358 871 6
870 20 4
213 786 4
648 369 4
572 946 7
775 663 3
968 133 2
932 5 10
306 315 4
856 404 6
640 762 7
106 984 10
51 197 8
565 197 7
190 770 3
358 897 9
461 217 4
314 149 10
495 455 5
158 663 1
185 304 3
84 762 9
3 813 8
60 730 7
486 920 9
211 631 7
599 92 6
824 758 8
703 253 3
249 763 9
199 949 5
263 33 7
311 388 2
260 800 3
407 638 5
675 849 6
193 800 10
281 625 8
518 680 3
562 930 7
270 129 6
634 393 1
112 56 1
404 669 1
778 428 9
72 455 1
350 1 3
71 282 10
199 800 1
931 714 1
779 985 10
224 971 5
406 84 4
328 840 3
698 618 1
59 42 6
621 744 7
983 816 1
323 367 3
343 298 8
293 78 5
724 654 8
901 413 4
134 741 4
36 792 4
718 851 7
503 472 3
642 807 9
62 130 6
987 825 7
274 470 7
250 195 3
197 96 6
581 582 10
156 618 2
350 336 5
938 191 9
270 185 6
771 248 9
286 587 4
804 861 5
400 463 2
355 660 10
370 593 2
831 102 10
732 452 8
188 742 1
116 12 7
852 135 7
70 422 4
113 578 7
979 989 1
334 1 10
56 595 1
240 697 2
324 501 1
513 243 2
629 607 8
833 743 6
903 517 9
369 95 5
700 426 4
741 112 5
642 521 2
283 761 1
336 437 4
787 950 9
530 580 9
399 765 4
994 21 1
902 390 8
336 442 7
111 183 9
887 826 2
611 461 5
383 149 3
657 288 3
877 818 5
705 217 1
628 211 2
420 465 4
660 801 6
326 264 2
456 504 10
108 115 3
224 498 2
426 507 1
931 385 1
367 90 9
569 71 2
440 491 8
405 151 1
813 829 8
756 286 2
525 746 7
107 970 7
190 749 7
562 680 4
753 47 6
513 617 7
836 409 1
273 167 4
216 332 4
423 88 2
134 613 8
312 72 10
340 614 9
228 529 9
501 282 9
217 147 8
355 335 9
985 609 8
119 177 10
434 600 8
35 734 3
382 398 7
51 738 4
822 967 3
920 468 7
770 37 6
589 393 1
818 730 2
565 201 9
997 635 9
516 22 3
649 404 1
557 808 2
80 630 9
132 902 9
170 25 9
355 614 4
876 784 4
357 702 6
16 699 3
274 215 6
619 216 2
361 126 10
842 558 2
642 43 7
263 213 2
273 569 6
676 445 3
809 154 5
496 170 6
819 797 3
516 416 2
617 129 8
879 972 8
770 966 1
916 581 5
439 854 6
225 530 3
499 692 7
475 188 8
150 359 5
744 875 3
555 493 2
844 372 6
692 494 5
934 763 6
38 202 3
415 779 5
237 278 7
214 105 8
361 255 7
657 0 3
721 907 8
562 104 2
728 148 8
564 82 1
981 473 6
253 888 7
760 126 8
958 692 3
345 405 1
444 414 3
418 135 10
885 697 6
428 777 4
465 341 7
618 323 2
325 928 2
811 688 8
928 647 2
503 344 7
333 788 1
515 558 6
604 443 6
150 223 3
195 41 5
323 659 10
924 336 8
766 147 7
85 428 6
97 931 2
865 264 3
696 131 1
13 87 7
28 589 10
821 785 1
307 108 2
116 33 8
853 799 8
631 236 6
408 333 9
530 199 5
792 247 6
612 272 9
641 862 1
814 647 1
121 107 5
589 140 2
442 291 9
426 528 6
834 213 4
716 764 8
860 363 5
825 976 10
405 617 2
825 431 1
478 904 8
22 493 1
793 287 2
644 65 2
649 252 8
93 968 2
942 829 8
329 6 4
988 411 3
861 237 6
381 67 10
360 89 5
480 234 2
244 878 8
535 528 10
392 973 10
366 267 1
703 596 7
368 936 9
650 797 8
715 178 5
684 891 4
498 371 10
951 615 9
470 503 9
241 247 4
981 613 1
253 668 10
180 36 6
870 38 6
797 753 4
143 789 5
578 639 9
247 591 4
147 413 9
575 655 7
328 988 2
701 241 3
670 773 9
927 643 8
982 792 3
568 287 3
44 865 2
892 465 5
708 612 9
26 188 6
944 868 4
476 569 7
28 591 1
968 519 4
947 501 9
680 421 6
554 466 4
715 358 9
172 418 1
690 797 1
567 741 10
80 217 1
186 597 3
418 918 4
294 865 5
962 897 9
269 451 5
442 519 5
80 691 4
683 733 3
473 300 4
484 732 4
65 270 3
589 689 1
632 983 7
528 945 6
846 214 8
982 9 9
477 89 10
742 772 3
804 598 5
959 434 7
332 499 7
655 440 8
895 424 1
353 953 8
709 151 3
868 134 4
546 963 3
915 705 8
369 861 8
475 820 2
313 505 4
421 512 4
219 407 9
999 113 4
77 174 5
721 42 1
374 588 4
468 855 1
335 576 4
504 403 7
756 716 2
859 137 4
402 356 3
722 708 6
347 785 10
772 858 4
34 232 2
908 700 9
190 388 7
334 892 10
650 0 6
471 859 4
156 614 2
248 688 10
806 36 5
537 160 3
311 194 7
24 102 10
945 645 10
441 979 4
341 629 5
308 452 6
413 960 10
875 560 9
44 366 7
351 256 7
515 919 1
264 295 6
713 240 1
902 34 2
687 375 3
121 35 7
119 449 7
378 324 7
678 720 6
14 423 4
862 939 3
905 203 8
50 268 1
192 522 5
665 209 2
767 683 7
673 802 6
891 532 2
317 563 3
814 929 8
567 792 7
591 697 2
559 99 2
119 291 4
713 956 6
34 75 1
390 100 3
548 991 7
29 660 10
583 475 10
561 394 2
829 986 1
653 897 10
744 16 3
710 81 1
237 115 6
447 857 8
811 757 9
707 139 1
519 74 8
908 635 3
441 817 1
23 822 8
352 918 4
676 980 5
956 217 2
663 16 1
822 827 1
620 887 10
430 758 4
68 18 2
452 459 1
822 834 3
89 538 3
724 214 4
440 522 1
271 537 8
663 359 7
813 331 6
454 113 4
818 533 2
521 985 3
41 159 7
735 600 5
347 324 1
940 764 3
103 387 2
282 403 1
288 216 4
534 23 8
889 841 3
911 362 9
743 755 10
762 490 1
318 189 5
89 130 2
733 233 1
915 515 4
807 155 3
31 41 6
720 931 9
942 194 3
502 937 8
222 51 10
894 370 9
890 811 1
651 544 4
504 811 1
407 619 9
231 2 10
78 722 3
766 16 7
520 519 7
677 93 8
28 987 10
217 877 1
887 881 6
143 385 7
265 144 8
543 728 10
215 806 4
169 925 1
966 445 2
404 475 5
893 503 4
753 72 1
775 960 4
990 455 9
369 72 6
718 616 4
718 183 10
143 352 5
585 670 3
546 74 8
952 320 1
697 73 4
968 848 6
471 191 1
712 912 3
97 630 1
562 700 6
481 196 1
678 781 3
320 680 8
437 984 8
57 682 3
102 2 3
107 825 6
919 889 8
804 986 1
656 548 3
44 382 9
784 412 3
546 732 5
735 521 9
244 930 3
826 33 7
961 492 3
286 412 2
524 568 1
96 224 1
368 268 5
189 404 7
791 951 9
425 38 2
395 283 3
48 461 6
54 422 10
238 709 2
960 585 10
372 681 7
684 401 7
379 590 2
485 381 5
676 158 5
387 554 8
29 602 2
56 8 4
576 247 5
859 559 2
711 931 5
139 615 7
835 994 7
288 832 1
692 508 1
839 247 5
916 629 9
807 37 8
473 965 5
199 825 6
511 888 7
855 27 4
953 214 1
642 503 3
64 547 3
644 386 10
779 655 9
867 814 9
316 639 4
12 839 9
267 702 9
805 557 6
959 863 3
811 505 6
495 569 3
687 213 2
478 344 7
899 212 1
357 528 1
780 893 2
381 160 4
869 966 3
737 277 6
819 88 3
404 583 2
888 622 8
111 100 2
637 999 6
330 356 7
662 137 10
833 518 10
706 387 8
840 476 5
486 295 5
340 51 10
412 940 2
401 51 5
734 41 4
280 371 1
58 385 10
377 218 10
208 276 9
6 116 6
432 954 1
299 295 3
748 59 5
172 460 8
696 194 9
571 826 2
803 884 7
172 261 7
411 822 3
390 828 10
845 260 4
947 911 1
749 660 10
195 184 10
693 880 7
583 451 5
845 255 10
843 779 3
60 191 5
552 933 5
513 130 8
429 77 9
639 179 9
909 374 5
990 419 5
266 3 9
721 848 6
412 43 5
716 103 8
491 8 3
445 521 3
364 950 3
843 590 4
333 499 8
8 489 8
914 108 1
272 181 1
589 593 4
334 661 10
973 152 8
898 950 9
952 314 2
84 509 2
747 843 3
137 851 4
946 765 4
758 390 5
770 979 10
825 665 2
984 639 6
151 889 8
192 841 5
183 926 4
116 25 7
900 514 10
173 812 8
907 570 8
173 340 7
33 166 3
906 502 4
931 654 3
259 198 4
605 381 2
108 849 10
807 749 6
708 922 9
375 181 1
432 355 2
821 740 10
523 646 4
568 577 8
502 188 8
277 793 9
331 254 10
410 413 9
707 121 4
465 497 5
146 929 2
519 102 2
410 625 8
803 545 8
203 47 8
800 677 4
131 8 10
310 770 3
239 477 4
794 295 3
530 441 5
622 312 7
805 74 5
635 877 10
394 432 10
341 233 7
786 364 5
485 26 7
597 617 4
183 411 9
265 294 2
629 916 6
448 73 10
892 708 10
233 102 2
622 796 7
40 582 3
466 68 10
662 17 9
336 552 1
656 818 5
770 799 3
547 599 8
47 491 9
128 725 3
641 699 9
388 740 4
850 206 4
691 221 3
150 909 6
372 565 4
888 687 5
672 235 5
529 634 8
447 114 3
820 755 5
340 143 7
795 346 3
318 37 6
211 539 5
656 911 3
271 799 10
37 471 7
403 353 3
261 800 7
195 972 3
181 665 8
907 460 4
840 131 4
697 694 5
112 702 7
444 325 8
815 714 2
422 118 5
14 731 5
721 926 10
535 108 7
492 15 9
148 207 10
193 257 6
777 369 8
625 813 5
625 628 10
96 402 8
920 769 9
896 490 7
845 377 7
811 869 5
942 369 4
851 914 1
159 692 10
168 669 5
503 294 6
904 390 10
71 662 9
321 559 1
849 756 8
838 920 8
842 862 9
757 65 4
578 224 8
119 393 7
826 248 4
513 152 6
602 575 1
461 248 10
161 97 6
239 287 6
538 129 8
558 239 4
141 169 10
768 288 3
417 466 3
712 979 7
749 934 2
449 395 10
708 908 10
76 499 7
11 389 9
161 948 8
376 89 7
815 210 7
0 979 6
432 43 7
369 792 1
232 594 8
344 302 7
905 730 6
401 94 8
731 255 6
300 631 7
38 798 9
65 798 8
262 583 1
438 952 6
549 536 10
406 880 4
524 785 5
142 539 9
149 622 6
104 923 9
852 961 7
811 378 6
748 640 1
81 79 3
206 980 1
925 386 4
298 263 1
754 405 10
952 554 5
109 10 8
897 862 1
836 673 10
573 774 2
893 855 3
517 413 3
677 690 2
70 340 5
601 95 10
22 399 6
66 509 6
385 406 10
666 594 6
677 167 10
328 60 7
411 577 2
825 607 2
626 677 2
690 630 7
511 653 7
886 719 8
623 457 6
223 123 1
848 152 8
599 832 1
557 243 10
928 421 7
341 47 5
94 90 5
943 601 10
839 840 2
948 463 9
463 686 4
925 886 6
203 837 8
245 394 4
864 674 5
91 367 4
347 462 6
233 405 10
773 596 10
384 544 5
452 359 2
347 285 10
42 840 8
921 85 4
44 949 9
940 392 8
236 739 10
621 973 5
960 98 3
491 482 7
486 286 9
519 633 4
438 27 4
547 948 9
51 345 10
581 637 3
830 873 4
190 847 7
306 159 7
19 651 9
627 489 7
595 8 2
848 798 9
941 698 10
471 749 7
951 682 6
175 512 2
138 54 9
427 361 10
813 732 3
34 359 2
540 307 2
32 155 1
902 449 9
73 920 10
589 223 4
95 398 8
178 889 3
756 316 6
197 481 10
290 515 9
871 408 6
813 440 4
905 694 5
695 768 7
234 709 1
159 156 1
596 334 10
440 442 8
997 640 2
286 930 7
287 153 5
594 318 7
57 223 2
673 918 2
210 504 1
970 15 8
832 964 2
584 756 5
651 754 7
552 392 7
321 679 10
145 626 9
114 35 4
425 709 5
856 919 1
348 241 7
645 73 1
629 657 7
55 661 3
121 565 6
469 238 7
618 736 3
438 850 1
834 627 10
148 835 9
318 183 2
856 181 5
358 162 5
617 569 8
629 42 5
386 511 4
175 481 10
589 272 2
39 106 9
198 254 4
628 924 7
651 133 10
396 491 2
502 460 1
621 90 3
305 828 6
228 3 8
239 593 10
100 632 8
588 183 2
263 163 8
122 815 3
161 563 7
715 65 7
837 38 7
2 343 8
677 924 1
186 163 6
615 616 9
502 204 4
995 820 7
765 942 2
19 455 7
765 170 4
972 8 2
620 10 6
97 39 2
930 226 5
355 193 3
765 48 10
358 395 10
115 512 2
38 532 7
877 297 10
780 621 8
722 242 10
359 691 1
920 621 7
996 977 3
689 94 1
938 453 8
359 920 1
370 310 3
188 187 10
177 320 2
526 394 6
237 753 7
988 25 1
316 373 10
838 414 4
760 352 9
78 63 9
908 433 10
270 974 9
281 503 9
914 30 3
789 267 8
708 607 5
600 924 9
469 114 3
784 875 8
553 305 1
593 213 7
592 835 1
483 116 4
341 31 6
946 172 6
303 880 5
390 480 9
498 301 6
372 86 3
599 991 8
242 584 3
318 529 8
720 12 6
625 705 7
913 651 10
468 307 2
982 697 5
773 547 6
678 919 4
162 871 5
951 113 2
953 783 1
142 855 5
447 480 10
136 393 4
997 213 3
738 196 2
312 321 1
188 999 10
853 513 1
510 464 6
751 417 9
873 911 4
7 358 7
198 494 10
393 491 6
895 582 2
798 894 3
248 434 4
970 640 9
562 150 3
268 901 2
108 126 3
804 133 1
980 683 8
901 77 1
36 324 3
719 123 10
723 675 9
45 315 7
608 465 9
228 718 10
688 844 4
844 329 5
176 13 4
78 90 4
466 414 7
538 889 8
613 965 3
692 362 1
638 322 6
269 902 7
0 591 1
744 435 1
210 612 4
893 42 6
636 860 2
374 750 4
1 364 1
656 56 3
626 46 6
413 667 8
919 668 1
270 764 7
302 974 1
347 867 5
482 503 7
735 230 8
878 583 2
338 239 10
161 217 6
658 631 4
705 550 4
696 172 8
474 991 7
821 210 3
655 65 9
391 295 6
621 879 7
960 470 8
473 688 4
483 319 9
188 221 4
236 394 3
62 868 6
630 690 6
982 697 1
331 88 9
426 62 10
985 22 10
62 847 8
57 330 9
637 870 1
822 459 5
24 873 5
569 504 7
676 486 5
849 169 5
317 948 7
368 285 1
537 699 8
747 757 10
627 746 3
377 921 2
873 945 7
590 867 1
996 895 10
452 744 1
997 413 9
955 781 4
936 671 4
115 418 3
977 45 1
709 775 2
252 0 10
668 590 9
941 939 4
52 391 1
332 740 4
913 696 8
426 984 9
991 99 9
665 428 4
86 137 1
779 741 4
418 762 4
628 55 5
382 107 7
584 439 9
847 352 5
596 131 1
664 474 1
502 140 1
738 226 9
100 357 2
463 128 4
417 756 9
13 490 8
1 74 8
730 274 2
506 870 5
267 887 10
479 741 10
119 831 8
249 932 5
121 395 3
106 164 2
147 178 2
294 179 9
233 261 3
525 768 5
651 387 4
900 866 6
641 337 7
608 939 9
285 60 5
89 518 9
650 665 9
54 960 9
532 193 2
636 70 10
610 722 9
176 974 7
131 616 5
269 224 4
340 861 6
454 951 6
84 953 2
245 7 4
585 891 9
186 527 2
556 490 4
664 666 10
343 149 6
7 418 1
962 758 4
329 564 5
214 1 9
117 246 8
980 831 10
741 17 9
572 925 9
477 942 7
356 285 6
852 644 7
924 606 5
857 935 2
94 501 3
932 619 1
481 951 2
570 692 1
539 616 7
349 93 9
826 450 6
451 654 10
847 578 8
354 787 5
777 881 6
849 165 7
519 647 9
372 217 3
242 108 10
390 458 5
480 284 7
855 87 1
874 287 1
851 641 1
115 418 2
233 619 10
969 490 7
9 214 6
742 456 5
443 847 5
589 327 9
186 535 8
788 409 5
321 613 8
641 80 8
842 313 9
561 635 9
279 644 3
215 738 2
611 533 1
817 475 10
307 13 5
884 801 7
749 122 2
958 763 2
586 958 8
184 871 5
625 151 1
279 718 2
390 681 5
700 498 2
42 805 5
566 41 7
204 142 1
455 101 7
139 39 5
488 223 8
472 200 1
452 480 1
523 870 2
480 923 2
911 965 9
708 883 3
954 88 5
26 543 6
862 34 7
8 522 1
26 994 1
546 799 3
489 674 4
112 506 9
234 418 6
864 126 1
536 432 9
351 458 5
618 321 9
277 681 2
807 707 8
889 606 7
452 95 2
237 207 8
297 793 8
674 658 6
934 546 10
635 249 1
879 220 4
509 497 5
310 656 3
810 897 1
756 701 6
729 938 5
209 587 9
458 261 9
186 548 5
345 183 7
315 62 7
958 923 4
283 586 10
667 396 9
657 504 1
94 234 9
738 795 9
528 253 2
976 439 10
323 137 3
919 452 7
87 763 1
400 398 9
721 65 5
939 722 9
211 168 5
422 906 10
220 435 4
631 763 5
943 86 2
437 357 5
346 444 10
178 196 8
596 269 3
410 561 7
728 772 5
633 194 3
684 766 8
637 750 2
382 693 10
263 482 10
949 828 4
398 6 3
245 954 2
509 364 5
847 445 10
1 430 4
414 114 3
613 104 3
576 838 8
978 453 10
737 403 1
940 153 9
44 751 4
418 612 8
352 460 5
763 813 5
369 579 2
741 193 6
863 121 4
382 99 7
31 836 2
861 129 8
402 525 9
545 943 1
52 648 3
357 411 7
443 780 6
644 521 1
949 736 3
444 118 4
393 502 1
744 715 2
601 117 7
561 662 1
782 715 1
166 424 2
12 867 3
790 864 6
760 165 3
204 610 1
748 3 3
480 99 9
341 701 6
79 262 1
761 396 6
91 915 2
833 927 1
707 69 5
102 830 1
234 386 3
837 486 8
941 966 7
761 659 10
699 739 5
299 500 3
966 592 8
57 777 6
367 484 7
542 586 9
234 173 6
536 362 2
193 655 1
949 769 10
111 468 1
535 119 4
707 85 8
795 494 5
162 861 9
598 755 7
217 989 2
574 877 6
65 70 2
227 372 1
697 483 1
609 18 10
22 725 7
379 872 1
865 34 2
835 985 10
744 202 9
825 776 7
973 193 9
776 421 3
996 470 6
388 79 6
899 454 4
495 185 6
937 403 3
888 238 8
299 982 10
700 160 8
626 133 1
326 909 4
399 257 4
306 997 6
232 896 2
587 743 7
462 680 2
76 920 1
323 220 5
124 920 5
701 898 10
824 576 1
367 975 10
733 634 7
178 866 5
781 453 8
569 267 8
761 344 9
191 19 1
307 144 1
232 197 1
993 21 7
664 741 3
943 474 7
572 4 5
96 785 10
364 354 9
663 115 3
883 658 5
323 966 9
35 550 6
645 543 10
832 559 1
346 855 5
494 427 1
860 875 6
679 591 2
117 255 10
252 138 10
406 814 6
56 201 8
551 847 4
772 31 3
382 729 10
818 575 9
258 435 5
835 114 6
767 583 3
518 187 4
927 593 8
655 649 9
932 553 8
457 325 1
542 60 2
481 878 7
200 489 2
794 324 8
331 443 4
124 313 1
407 241 5
856 248 6
506 532 9
4 990 7
236 532 7
198 365 5
734 565 6
706 711 1
495 43 6
868 519 10
429 926 3
935 782 1
90 288 3
151 644 5
889 233 7
335 431 3
11 165 10
177 223 4
19 71 7
304 939 8
255 720 6
447 655 8
887 98 8
212 601 5
526 490 8
725 177 1
937 188 8
418 717 4
611 736 5
199 393 6
306 648 7
691 448 4
210 335 4
370 899 7
526 426 7
915 151 6
735 440 7
72 210 4
985 822 3
321 21 8
597 680 6
945 723 6
948 934 4
754 656 3
160 182 1
409 97 2
834 832 4
152 256 5
836 594 9
960 915 2
477 512 2
994 457 6
960 758 2
965 864 8
517 24 10
848 433 9
681 620 1
307 772 9
143 960 3
801 272 9
832 101 3
544 448 1
331 408 1
52 725 5
429 242 1
988 442 7
348 124 7
188 431 1
636 574 4
679 727 8
989 559 10
811 103 8
443 434 8
833 486 3
439 267 7
70 607 10
486 955 4
874 495 7
386 132 3
859 163 10
309 504 9
508 315 5
507 759 1
266 944 10
398 384 7
476 454 7
645 292 2
290 166 8
718 552 2
720 764 7
449 425 1
90 933 6
186 792 7
716 58 2
437 808 6
426 284 2
22 282 4
573 572 2
972 291 6
503 363 2
549 165 7
451 255 10
669 793 4
645 861 4
566 299 2
223 725 9
686 747 3
441 672 7
362 645 10
540 500 4
481 50 9
848 853 6
499 522 9
943 168 10
796 86 9
810 310 6
460 996 5
744 790 8
600 152 5
100 44 5
963 526 7
343 374 1
978 873 3
406 816 1
47 965 8
988 127 10
653 939 8
770 683 8
207 283 3
993 383 7
927 698 3
264 41 7
454 19 3
518 777 1
751 825 8
70 165 5
699 818 4
28 588 7
796 147 1
420 140 6
736 420 5
931 36 6
499 490 8
941 360 5
552 111 2
479 181 7
886 232 8
879 613 8
908 761 8
220 181 10
915 269 10
661 200 6
449 700 8
256 993 1
192 545 2
954 377 6
232 615 10
681 494 3
719 754 4
608 974 5
637 242 5
439 903 7
276 352 7
604 960 3
644 153 10
147 459 7
184 691 4
454 725 9
688 796 5
684 404 10
860 41 2
306 832 7
953 109 10
651 65 10
343 61 5
933 208 4
251 745 8
185 551 3
965 239 9
499 275 3
360 136 6
463 442 9
470 747 10
181 399 5
500 94 6
677 379 6
960 631 1
287 168 2
339 485 4
539 336 9
791 697 7
789 160 10
267 630 7
206 811 8
562 664 3
627 341 4
252 653 5
975 941 5
248 632 10
761 172 7
902 315 6
530 104 6
601 723 9
420 281 10
637 843 6
301 822 9
345 75 3
371 402 6
918 650 10
949 764 4
317 18 10
382 548 6
960 150 2
168 570 5
539 559 9
575 861 1
655 558 8
37 281 10
64 551 3
724 501 7
907 818 5
758 553 3
66 513 3
97 681 5
761 220 5
621 147 8
304 803 8
413 192 9
925 257 1
87 333 4
13 592 4
957 703 7
801 769 10
444 218 3
360 331 4
484 305 1
173 609 6
420 374 9
301 299 6
733 738 1
666 751 3
769 60 6
426 862 7
947 658 5
150 18 9
925 855 4
495 28 5
573 449 9
491 102 1
18 835 1
878 853 5
682 622 5
190 400 9
466 700 9
313 850 8
491 775 5
974 622 3
770 547 4
940 38 6
762 408 1
323 286 4
987 321 9
63 511 1
2 977 1
950 290 3
269 133 10
443 107 5
998 229 2
1 170 1
459 932 9
399 255 8
545 594 1
665 658 2
185 660 1
758 962 4
532 584 7
82 379 7
606 377 6
29 731 6
491 190 1
362 941 8
519 838 3
701 503 1
42 41 3
712 151 5
377 683 1
824 765 1
730 723 10
217 753 1
875 244 1
465 606 5
662 477 3
454 178 7
904 572 10
366 637 1
143 14 4
855 838 10
595 920 5
65 138 8
265 13 5
8 478 1
692 492 1
214 947 1
592 203 4
363 922 3
933 417 7
187 272 8
558 220 8
4 285 8
852 902 1
648 262 1
50 954 4
930 521 3
693 465 8
676 829 10
648 114 7
986 301 2
515 211 2
613 568 9
552 772 1
153 420 6
935 470 10
210 753 3
432 446 9
210 474 10
261 474 4
730 460 8
471 976 1
432 941 9
382 493 1
882 998 1
349 934 4
419 144 7
713 929 5
473 491 9
62 752 3
118 482 5
475 305 3
395 89 6
236 471 10
496 706 10
529 55 4
384 826 1
992 540 2
46 365 3
574 428 7
928 546 10
94 373 7
237 120 7
672 356 8
953 205 6
233 734 2
798 470 10
860 462 10
851 508 6
685 434 6
272 714 4
693 808 7
419 397 7
235 70 6
875 375 1
572 608 7
325 759 7
905 619 9
376 471 9
861 508 5
478 780 9
641 473 7
529 245 7
538 480 7
903 707 2
825 632 3
481 957 2
959 862 1
547 239 4
347 452 3
581 931 5
529 924 9
637 806 4
143 344 6
71 599 6
375 424 8
287 257 5
310 216 10
600 115 9
66 462 1
40 395 4
794 276 1
374 913 7
199 409 3
857 832 2
222 207 8
571 846 5
877 156 1
46 109 8
806 527 10
667 567 5
162 713 1
582 88 6
808 639 7
730 496 10
603 70 9
900 641 8
454 871 4
576 269 5
813 76 2
864 95 1
310 257 5
680 840 5
668 0 6
416 83 3
645 686 3
786 587 7
773 393 8
268 322 7
225 135 5
356 352 10
759 662 8
875 695 10
431 363 10
626 779 3
318 777 2
433 915 9
189 40 4
168 308 6
416 885 4
741 242 6
160 353 10
189 228 5
58 659 10
280 285 2
584 956 1
575 389 6
505 930 8
829 450 8
826 218 4
959 617 7
472 970 7
13 550 1
424 209 1
704 846 2
640 154 4
568 895 9
425 825 8
254 627 5
81 846 8
392 157 5
189 629 7
485 995 7
327 419 8
727 475 5
520 115 1
483 35 7
883 461 4
760 715 2
127 148 10
164 893 7
171 82 9
147 919 4
26 246 3
113 326 8
47 846 5
840 682 1
176 917 2
689 678 9
182 805 10
521 321 5
18 844 9
496 344 8
321 370 6
213 483 2
932 883 9
766 723 3
988 899 10
671 940 10
422 123 7
321 644 9
817 662 5
395 510 9
892 831 9
987 396 3
409 328 6
29 447 1
683 787 10
902 459 2
152 881 5
558 554 10
638 371 4
563 766 7
831 10 10
822 349 7
944 110 7
301 139 6
381 174 4
712 77 5
983 581 8
730 491 4
121 482 5
526 45 3
442 228 5
894 402 4
390 698 5
918 999 6
894 732 1
9 796 10
583 132 3
390 862 6
103 983 8
539 509 5
93 304 6
9 198 8
922 940 7
298 858 8
166 104 1
208 113 9
327 48 1
731 790 5
626 245 10
4 136 10
778 229 6
133 238 6
891 513 6
699 163 6
506 329 3
398 537 6
87 216 7
259 947 7
294 574 3
663 930 9
894 60 1
781 194 1
866 437 6
243 488 10
479 994 9
523 393 7
328 832 5
886 443 3
235 737 9
477 753 9
207 999 1
519 781 5
422 999 4
837 243 4
416 74 9
677 597 4
123 277 6
137 164 9
451 399 9
339 228 4
509 787 5
740 659 8
516 81 8
82 918 3
135 687 9
535 364 6
328 839 5
305 328 1
726 780 2
236 471 2
499 333 2
465 425 1
213 293 4
312 375 2
6 863 1
774 398 5
491 79 6
485 384 5
996 110 7
257 346 10
451 197 3
432 663 10
72 228 4
145 892 1
488 898 4
519 672 5
265 163 4
203 648 8
117 996 1
515 606 9
384 57 7
939 489 2
918 913 2
191 58 4
192 898 2
407 769 4
21 387 9
714 590 9
144 59 6
684 574 2
922 310 1
710 249 10
513 520 3
544 711 3
819 255 3
640 15 3
485 36 10
493 103 2
502 247 1
859 283 7
470 205 7
842 268 7
351 781 7
125 678 10
309 497 8
391 490 3
595 975 1
834 821 4
15 323 1
607 182 4
773 4 2
250 198 2
328 901 3
926 378 3
235 687 3
504 430 3
436 26 8
757 212 9
532 580 4
203 187 8
508 313 4
371 563 2
502 243 3
767 169 1
61 756 10
853 613 1
135 49 9
393 158 1
823 691 3
577 246 1
216 106 6
860 830 1
701 332 4
444 451 5
916 513 3
76 366 6
666 502 8
634 247 8
166 422 1
279 999 9
931 216 6
896 76 8
776 129 2
899 925 4
895 842 9
647 918 7
365 584 1
132 570 8
409 736 1
82 367 2
0 298 10
377 194 8
584 970 8
476 221 3
171 116 7
379 116 5
657 481 1
438 965 1
817 374 10
619 456 7
421 809 8
142 186 2
940 771 5
219 599 8
423 122 7
470 853 3
434 510 4
335 948 1
157 118 5
716 737 4
995 510 5
924 653 1
695 945 4
141 164 5
809 587 7
945 57 10
549 844 1
634 179 1
684 688 9
460 757 7
693 104 7
439 28 2
20 75 7
75 217 3
730 378 1
506 675 10
488 224 4
628 858 5
420 542 6
979 354 3
627 400 7
433 839 5
597 859 10
353 287 9
626 17 7
838 875 2
459 363 8
925 991 6
921 412 10
606 743 7
48 370 7
946 155 6
520 752 8
522 458 5
740 436 2
689 274 7
312 85 3
160 10 4
217 932 8
169 538 3
475 939 3
181 885 1
78 406 3
835 280 3
231 372 9
292 61 5
581 726 1
233 886 1
228 455 3
988 624 4
490 451 3
715 984 8
95 63 6
579 250 6
522 482 9
252 126 2
257 59 8
699 292 6
799 873 2
184 213 8
107 55 10
969 770 6
68 217 9
574 149 2
711 23 4
869 627 10
793 884 10
442 583 4
978 735 9
321 919 2
640 378 10
59 347 2
167 767 10
985 341 1
758 53 6
661 274 3
43 419 8
484 862 3
217 192 8
528 865 9
51 505 7
630 917 6
332 84 4
603 421 5
23 180 10
818 841 7
592 236 6
251 720 8
494 938 2
823 818 7
424 869 3
50 500 10
728 832 6
821 787 7
607 810 7
799 980 1
265 924 7
150 176 8
250 670 8
541 845 6
50 269 7
712 672 7
643 400 1
658 221 8
446 180 10
415 979 2
225 244 7
623 395 3
742 997 5
799 538 10
26 940 10
123 4 2
71 647 2
852 657 5
419 104 7
149 519 7
210 96 3
548 71 10
710 814 7
894 965 8
924 992 8
575 467 3
898 538 2
621 390 10
917 162 6
393 311 7
849 873 5
902 774 6
701 484 10
850 379 8
537 655 10
516 230 7
148 480 5
780 101 8
421 18 10
518 411 3
134 613 8
550 515 2
685 568 7
987 418 8
254 307 3
865 824 5
943 324 7
559 456 8
566 877 6
87 395 9
919 881 2
977 783 9
160 469 10
828 808 10
875 414 8
929 279 4
565 574 8
681 133 5
250 52 4
485 139 2
836 411 3
447 388 7
278 900 8
677 729 8
846 956 2
323 886 3
328 803 7
306 837 2
740 87 4
403 925 6
814 761 7
459 560 7
887 838 7
136 867 8
193 714 5
664 389 3
118 718 8
146 376 5
307 116 3
873 871 8
930 686 1
46 497 3
254 384 4
362 520 1
200 65 7
346 81 9
378 199 9
565 345 5
942 4 3
54 229 4
443 159 2
945 557 9
7 163 5
260 526 7
733 726 2
919 72 3
199 802 4
197 719 9
571 661 6
413 715 5
479 510 7
230 455 6
831 815 10
815 427 6
24 160 4
297 80 8
652 631 10
205 829 9
456 752 1
711 518 8
547 997 9
895 579 6
801 410 3
870 578 1
817 602 1
490 251 3
587 903 5
838 109 4
456 917 8
88 628 6
436 527 3
646 775 3
311 576 5
496 798 3
756 615 7
528 457 9
381 44 2
217 234 3
882 690 10
299 779 10
235 567 8
519 213 3
383 876 1
658 372 9
862 480 6
669 9 3
79 390 9
40 959 3
815 841 5
154 492 6
474 79 3
673 599 6
647 334 5
197 992 7
897 855 8
212 876 9
336 955 1
856 347 10
610 162 3
54 669 5
982 143 5
124 168 6
832 815 10
416 364 5
724 261 10
513 825 8
311 513 5
203 369 4
702 331 7
394 737 8
931 719 1
195 196 1
762 380 6
311 148 10
205 872 3
306 738 10
635 401 3
919 605 4
903 659 7
401 54 4
568 337 6
230 884 2
60 646 2
57 309 2
418 515 4
40 173 4
191 809 8
855 728 3
240 983 2
956 384 8
761 304 5
286 534 1
359 946 7
812 3 7
413 421 4
239 813 7
802 4 6
119 859 7
393 99 10
975 407 7
314 169 1
991 455 6
551 167 4
110 979 8
978 393 9
361 632 3
917 786 9
635 258 9
81 651 10
510 978 8
676 645 7
499 988 4
856 539 1
159 1 3
466 979 8
547 692 2
89 962 8
987 597 8
97 30 2
659 540 10
276 569 7
414 420 5
359 276 7
472 435 8
564 254 10
753 801 4
574 242 6
181 581 3
751 31 5
972 690 6
523 318 7
720 84 9
256 443 5
332 267 2
762 183 8
523 936 9
976 510 3
392 44 5
756 795 6
151 119 8
438 642 6
646 714 10
274 971 5
178 303 3
221 417 8
519 940 5
969 917 5
662 661 1
288 417 6
945 920 7
292 358 10
309 4 4
410 630 5
954 808 1
118 382 10
466 901 1
750 222 10
896 884 1
439 524 8
776 821 1
233 465 9
332 774 6
497 184 6
634 139 7
74 609 9
635 75 2
785 177 4
204 426 1
636 865 7
134 641 9
904 874 4
384 558 9
221 56 5
337 690 6
965 116 6
623 751 3
886 889 1
19 93 9
741 730 4
988 216 7
408 472 4
941 208 2
601 430 10
446 119 10
781 84 8
78 59 10
451 945 9
353 316 4
681 58 6
226 398 2
412 806 6
177 99 5
501 701 7
880 499 6
950 632 2
839 711 1
128 514 8
306 867 4
282 548 4
987 126 2
261 538 10
6 68 10
312 569 3
400 449 2
255 751 6
898 591 7
248 71 3
895 378 10
211 12 10
584 999 6
708 260 7
637 267 5
18 931 4
100 332 5
33 939 7
951 838 10
579 438 1
722 686 1
731 897 3
641 481 3
28 189 3
954 179 2
948 197 6
863 650 8
228 35 9
344 986 7
403 566 6
533 640 2
394 723 1
266 716 2
490 745 4
975 699 3
78 0 2
113 863 4
832 91 2
491 435 10
987 190 8
274 724 8
247 470 2
117 88 8
821 579 3
714 906 5
138 984 5
111 98 8
735 930 10
98 421 7
447 761 8
715 35 4
974 283 6
605 752 4
305 573 5
397 639 1
893 777 8
37 241 6
397 328 8
848 426 10
734 873 3
163 940 8
316 915 3
643 520 8
59 177 1
405 575 1
658 820 10
895 858 1
230 607 9
199 455 7
238 189 3
742 353 3
930 21 10
104 17 3
31 76 10
884 833 7
376 491 8
645 386 8
508 968 5
698 168 10
667 758 1
509 501 6
643 783 8
693 239 7
615 271 5
66 507 8
93 883 10
940 880 8
997 388 7
661 439 7
132 106 7
792 967 10
158 610 3
897 303 5
653 270 6
837 337 3
206 782 8
715 722 8
963 71 9
531 84 8
619 216 6
465 360 3
165 518 3
999 767 9
73 772 1
770 961 10
974 168 2
61 235 6
381 198 9
89 81 3
236 700 1
841 166 4
413 683 4
947 34 2
785 460 4
246 582 8
747 909 6
679 322 1
36 703 2
465 792 3
329 380 4
410 221 2
203 986 7
866 286 3
649 71 5
205 669 8
722 769 7
407 448 1
679 836 5
150 301 9
55 631 10
660 393 3
783 948 2
589 814 8
781 816 1
786 21 1
725 743 10
573 502 10
743 533 6
969 36 10
988 91 1
387 103 6
359 886 4
670 475 10
619 608 6
640 746 7
330 823 2
141 396 4
752 492 10
199 461 6
948 449 7
680 188 10
805 548 6
230 570 3
470 190 3
525 830 2
954 512 5
125 5 4
151 109 6
710 308 9
305 257 9
343 289 7
484 95 7
511 325 10
365 147 2
827 25 4
388 979 8
125 456 3
258 607 2
235 317 2
673 974 9
561 669 9
990 153 6
318 16 3
217 381 3
10 209 8
633 949 7
472 74 3
964 684 3
917 919 2
179 593 7
49 506 8
209 496 2
816 167 8
749 736 2
533 747 1
990 732 2
426 205 9
670 521 3
522 439 5
396 970 8
892 371 4
761 581 3
432 749 10
472 850 6
893 383 5
875 373 8
158 151 3
516 822 4
911 696 5
225 92 7
484 336 1
249 98 4
863 882 3
292 706 4
810 599 7
426 826 3
423 985 4
977 501 8
53 764 5
919 989 9
108 825 6
668 75 6
161 938 10
403 583 7
848 745 6
325 171 5
527 947 10
232 924 3
760 977 8
984 249 9
4 357 5
361 25 10
816 538 10
506 941 3
902 142 10
249 467 2
423 346 9
582 930 5
947 690 5
724 26 4
842 31 3
138 392 8
509 561 6
819 419 9
63 321 1
53 922 10
566 698 8
26 632 9
410 579 9
124 303 8
439 498 9
111 636 3
808 498 4
395 317 3
276 732 6
298 137 9
788 55 9
327 81 1
445 492 1
606 968 6
793 408 4
363 519 3
325 328 1
849 75 10
143 703 4
759 2 2
649 142 7
237 469 1
809 267 3
609 225 1
65 18 9
370 381 1
312 58 1
104 259 6
213 403 2
407 514 4
90 515 8
828 104 9
648 913 6
960 523 1
593 940 1
633 310 4
193 975 3
433 431 4
101 645 7
472 404 3
845 846 8
64 674 2
752 323 8
708 635 3
240 228 3
143 214 5
778 407 2
472 193 4
426 294 1
134 766 7
357 963 3
94 27 7
288 131 10
747 839 8
729 432 6
651 927 2
587 705 10
499 178 5
194 604 9
534 738 7
630 95 2
924 542 1
540 182 2
832 929 2
759 658 6
266 661 3
340 248 8
469 99 8
495 293 2
463 179 3
901 161 10
302 85 4
82 978 8
993 162 7
96 921 7
631 539 10
445 879 1
965 700 10
662 195 6
316 10 7
60 911 9
251 213 6
985 647 4
252 641 6
801 737 9
7 721 1
579 518 10
399 483 3
318 498 8
235 166 1
332 578 2
942 829 8
637 814 5
663 419 8
498 220 6
959 579 9
959 510 7
190 909 3
122 580 3
602 815 1
444 147 9
197 441 10
164 79 7
131 742 6
738 592 8
435 903 9
853 862 10
142 405 9
266 879 1
888 481 7
380 925 6
98 123 8
997 639 9
63 122 1
900 861 5
309 648 1
298 854 5
149 348 10
909 614 10
250 854 3
406 234 1
413 684 4
510 681 5
38 97 8
660 349 1
227 659 1
697 309 5
381 810 3
823 719 9
792 321 3
946 79 7
26 493 1
229 355 5
776 394 4
445 406 3
975 985 4
505 682 5
242 416 5
326 591 5
25 383 8
577 329 8
364 708 1
186 289 6
690 65 2
643 510 1
298 837 6
963 695 1
938 937 9
722 615 10
578 640 5
756 570 6
13 286 4
115 472 4
572 515 9
776 158 2
386 808 9
333 772 4
315 710 3
713 784 1
702 363 3
426 471 3
832 836 9
297 951 4
700 875 9
521 651 9
852 389 8
372 723 2
588 38 2
740 104 8
212 806 1
325 585 4
7 769 10
328 418 3
473 119 9
781 640 2
951 844 2
930 216 7
681 804 7
494 897 3
92 109 2
404 786 7
188 794 8
159 474 6
82 947 7
232 80 9
385 31 3
576 962 10
194 643 6
203 490 3
315 582 5
586 338 1
794 526 7
123 686 1
519 120 10
737 704 10
596 89 4
298 18 6
569 212 1
645 767 1
969 83 5
403 21 4
976 816 2
342 939 8
535 810 10
674 548 4
246 144 4
849 794 4
766 364 8
326 361 6
729 330 1
713 86 2
388 62 10
590 404 2
829 939 2
189 966 2
604 212 8
109 61 5
632 827 1
720 505 2
927 586 2
217 652 10
880 40 2
360 982 7
131 812 8
64 353 4
898 309 6
227 419 9
351 403 8
191 475 6
392 402 2
276 971 6
245 852 7
277 212 1
65 695 3
144 111 8
838 9 8
95 237 9
766 940 2
263 132 10
970 524 2
912 152 4
857 398 8
195 27 10
516 444 7
0 588 8
838 778 10
337 226 9
255 992 9
928 607 1
77 578 8
981 842 2
504 51 2
231 599 9
522 467 5
860 467 4
309 657 4
768 994 10
168 249 2
157 178 2
629 607 10
978 588 2
832 444 5
83 27 4
714 901 1
788 761 1
803 71 8
597 191 5
968 712 6
332 221 6
303 202 4
852 181 2
595 13 9
741 448 6
135 162 8
995 303 9
27 106 2
365 55 6
401 24 10
686 356 1
502 11 3
925 863 6
288 810 9
96 551 10
932 38 2
21 386 5
871 413 4
145 778 9
610 179 5
139 218 3
241 720 4
193 997 7
679 285 9
529 734 3
828 18 1
290 39 7
406 910 1
629 55 1
260 17 3
914 508 1
277 749 3
650 295 10
239 974 7
989 503 3
643 684 1
984 974 10
62 732 3
554 362 8
177 974 8
979 888 6
351 517 8
795 520 3
236 111 9
962 100 2
775 744 8
957 80 2
827 494 7
311 49 1
850 226 5
407 557 5
825 260 3
344 55 5
806 643 6
594 605 8
237 732 4
565 690 6
218 869 1
604 180 10
56 30 8
130 790 5
445 615 7
629 959 2
685 117 5
500 63 2
119 300 7
835 217 9
630 788 10
920 744 2
611 801 4
528 283 4
354 728 1
440 709 2
933 394 9
69 246 2
163 366 5
341 553 4
561 183 4
650 456 9
623 419 2
626 300 5
420 654 4
532 447 5
604 732 10
792 154 8
396 669 6
652 10 9
477 571 3
91 573 1
449 196 10
960 822 10
106 594 5
629 127 4
566 731 8
897 875 2
474 623 1
770 275 3
618 753 4
2 196 9
842 645 5
102 957 10
661 63 6
227 45 3
592 963 6
690 860 2
941 334 5
214 104 3
496 75 8
702 77 4
480 920 1
807 374 10
308 387 5
403 967 2
978 559 5
283 601 5
816 895 10
973 109 6
405 957 1
294 659 1
27 492 3
757 651 7
148 959 6
602 714 3
454 692 5
268 976 6
295 144 1
656 117 10
121 874 8
14 168 9
336 547 1
578 656 2
546 804 3
901 759 8
576 213 10
810 833 8
645 480 3
376 136 2
567 610 9
364 624 7
525 960 7
825 890 3
129 436 10
391 689 9
368 265 4
390 427 9
387 73 10
881 801 8
845 368 8
683 85 4
41 610 4
947 787 6
862 916 4
581 660 4
411 380 1
454 770 9
34 510 4
743 391 5
293 236 3
100 271 10
884 313 2
979 612 10
965 474 8
738 407 10
553 170 1
634 624 1
494 11 1
427 106 5
513 399 3
967 500 5
507 736 8
8 715 2
649 32 9
207 123 6
776 676 7
78 662 3
799 156 6
381 935 3
355 448 2
918 416 4
752 923 10
251 283 8
362 933 10
652 492 3
998 620 2
866 699 4
710 498 3
918 231 8
880 587 7
593 505 3
807 609 8
756 860 3
773 574 6
175 227 10
347 577 1
548 795 10
764 857 10
136 775 1
443 7 10
551 601 5
75 408 6
522 516 8
605 642 3
972 817 2
832 516 1
664 417 8
843 181 5
224 317 3
836 112 10
36 664 1
92 739 1
758 262 8
635 219 10
439 543 9
470 375 5
782 39 2
889 234 3
854 810 2
946 647 5
397 683 1
98 775 10
910 885 4
887 521 5
858 960 9
998 783 4
303 565 6
376 455 2
631 661 3
554 959 10
238 708 5
290 806 2
730 69 8
783 308 9
408 519 1
576 517 6
471 172 2
758 901 9
280 532 2
612 86 1
943 677 9
309 967 8
450 49 9
829 185 7
377 593 6
590 521 6
585 344 8
498 455 9
218 735 3
599 699 10
291 994 9
692 303 8
251 753 10
879 583 5
815 312 10
623 254 3
948 192 7
445 690 2
196 909 9
478 508 10
199 152 4
949 844 7
19 95 3
138 974 8
442 141 2
691 116 9
813 64 1
631 862 1
905 58 2
913 888 3
325 88 5
378 389 1
735 408 6
549 546 2
298 988 5
359 31 2
27 844 6
239 828 10
790 733 10
953 998 9
625 323 9
801 54 8
821 141 9
288 690 7
729 340 6
16 699 9
67 79 6
534 318 4
864 460 9
955 766 9
583 391 5
3 193 9
813 366 10
31 655 2
147 384 2
604 400 3
445 819 2
130 354 3
995 570 5
593 877 1
893 461 5
517 816 10
547 629 6
366 12 1
227 512 8
780 468 8
33 913 10
716 395 6
70 390 8
885 335 5
817 229 8
141 98 5
10 646 6
246 12 1
488 592 3
115 372 3
495 757 7
694 474 2
599 544 5
778 429 10
482 599 1
0 740 10
686 103 8
353 701 2
33 189 6
225 305 1
590 800 8
516 494 2
189 445 7
605 223 8
357 57 7
337 409 10
768 447 3
197 801 4
639 834 3
24 412 8
134 2 10
2 870 4
695 411 1
581 17 6
601 374 4
219 63 5
578 832 3
392 29 4
555 20 8
260 45 2
269 531 4
79 885 6
734 581 8
187 514 5
862 115 9
947 687 2
442 265 6
384 658 8
127 565 8
56 825 5
398 447 7
93 526 4
659 612 5
636 799 2
982 662 9
702 609 6
485 51 2
101 787 2
450 266 7
467 323 5
882 73 2
180 166 8
363 177 10
480 165 10
111 147 4
209 201 5
995 687 7
398 140 6
459 590 3
437 57 6
241 291 1
492 823 9
621 187 7
363 667 4
904 130 4
107 339 5
271 686 2
839 84 4
195 895 4
169 333 4
466 574 7
836 419 1
724 40 8
142 403 7
78 307 7
161 766 8
445 390 5
769 229 1
232 776 9
286 945 2
101 411 8
207 599 7
137 676 10
606 170 5
94 248 5
360 409 1
670 855 1
666 976 3
746 208 9
426 846 7
87 947 10
27 507 10
385 996 8
784 603 8
291 697 7
105 410 6
37 80 3
8 746 1
912 844 10
592 271 6
218 710 6
960 737 3
301 475 9
318 611 4
505 902 4
293 7 4
139 45 6
543 405 4
924 317 8
865 909 9
652 480 2
387 440 1
981 741 6
572 411 8
765 268 10
8 562 10
13 53 7
98 596 4
633 872 1
661 737 2
311 390 4
672 129 4
123 463 7
400 35 10
937 152 9
729 161 1
880 526 4
76 977 2
29 610 5
651 623 4
534 935 6
898 959 8
53 434 1
302 835 6
313 772 10
241 853 3
731 733 10
626 809 9
118 190 9
834 193 5
287 80 10
835 330 1
864 735 6
4 37 1
531 351 5
210 944 9
403 28 2
474 654 4
522 772 6
532 958 10
166 598 2
87 433 2
968 297 7
283 653 7
433 184 10
707 746 6
187 149 4
49 623 9
72 497 3
637 30 2
748 548 10
939 636 5
812 604 2
421 239 7
419 672 1
768 731 9
413 919 9
439 320 4
767 392 4
219 381 6
630 130 4
991 421 10
785 234 6
876 655 5
972 74 9
604 194 1
983 959 2
863 398 2
718 517 6
71 737 7
158 719 9
442 711 1
713 496 7
589 725 4
703 49 10
842 6 4
64 341 5
557 556 6
370 274 3
575 698 2
513 856 4
582 650 5
424 364 3
500 953 8
583 8 10
92 202 6
147 618 7
161 175 3
278 897 9
913 472 9
284 338 6
727 920 8
233 344 2
236 844 7
963 779 6
444 871 10
579 18 9
407 531 6
439 810 4
450 723 8
158 359 6
75 87 6
643 320 2
926 908 8
163 872 7
760 316 8
559 248 8
329 655 10
627 447 2
470 897 5
137 407 4
143 483 3
420 478 6
394 404 4
211 567 8
808 679 7
627 591 5
465 920 2
186 547 9
717 369 8
323 859 6
288 354 1
341 774 1
418 520 5
51 732 5
261 540 4
787 519 7
561 984 10
694 170 9
923 887 9
752 562 8
989 851 4
709 192 10
259 962 1
566 13 3
440 274 5
345 413 4
842 974 9
963 669 1
631 944 1
669 696 3
918 686 4
521 747 8
603 359 10
853 925 6
187 717 2
61 414 6
454 608 2
184 571 3
437 203 9
577 224 6
279 495 4
185 368 3
282 971 4
694 824 1
471 11 10
522 424 5
339 879 5
131 415 7
295 852 2
404 429 6
561 61 1
756 598 10
698 880 1
704 926 8
634 397 1
634 920 6
48 611 7
774 742 4
720 38 7
221 794 8
299 355 1
519 111 9
460 161 2
373 865 8
462 852 8
562 486 10
439 886 1
195 660 4
71 733 4
799 954 8
956 253 3
879 125 6
47 937 7
800 310 5
128 772 7
205 687 3
554 126 1
514 674 1
569 745 4
662 544 1
901 852 6
143 731 3
200 131 1
67 931 1
151 411 6
87 968 3
861 522 9
521 389 3
193 310 10
599 325 6
959 226 9
276 722 2
719 922 5
99 341 7
141 492 10
956 931 9
458 144 3
439 17 2
741 211 5
493 162 10
788 121 6
936 749 8
520 468 3
234 567 4
232 709 9
642 665 2
372 476 7
624 915 4
618 8 7
922 501 9
551 290 2
758 578 2
688 450 10
540 685 10
733 269 1
771 263 8
445 635 4
911 612 1
746 230 10
793 504 3
353 407 3
387 165 4
818 205 6
69 745 3
240 831 3
120 954 8
370 399 4
743 310 8
736 409 10
385 202 4
887 907 3
32 294 10
107 464 6
632 886 1
195 126 4
379 599 9
826 969 8
909 64 1
956 800 10
585 537 4
70 425 1
962 809 8
724 268 2
339 900 8
51 95 7
595 474 6
445 653 7
694 562 1
254 871 4
575 808 1
450 879 8
233 193 7
310 917 7
203 608 8
983 660 5
889 255 2
746 52 5
572 746 9
814 353 10
857 928 1
438 379 2
147 964 5
666 274 5
452 477 3
139 460 5
626 701 10
587 447 4
553 371 1
81 186 4
833 395 2
393 185 3
184 333 9
520 999 3
126 451 3
989 943 5
863 569 9
345 508 6
878 61 10
510 494 8
143 327 3
57 720 1
701 256 4
310 129 5
192 255 8
256 244 3
133 460 4
711 157 2
736 387 5
837 898 10
124 41 9
159 450 2
379 152 8
284 462 7
188 6 5
247 615 1
250 748 3
173 459 10
957 547 10
801 385 8
492 861 1
511 20 2
602 751 4
301 35 8
130 575 6
566 175 1
246 425 9
739 950 8
388 907 6
777 61 1
416 553 4
97 416 5
580 370 8
215 24 6
312 506 3
767 72 8
838 318 5
8 57 6
286 798 3
463 927 6
25 696 2
448 145 8
244 725 1
792 940 5
727 604 1
589 723 5
627 561 5
441 922 5
558 208 3
583 23 2
668 48 10
659 848 5
419 93 10
549 885 2
55 964 6
67 553 10
151 532 3
905 326 5
69 884 5
383 467 8
977 488 8
266 147 7
701 566 10
212 467 7
664 522 1
71 589 6
850 740 1
895 998 9
509 67 3
36 803 3
585 780 3
535 46 2
981 99 9
872 312 8
648 976 1
740 399 10
737 250 3
267 145 1
475 6 8
920 394 1
184 980 3
288 515 10
539 848 9
357 72 3
347 72 1
507 812 1
608 901 3
450 169 10
290 996 8
550 268 3
612 804 5
455 92 2
696 632 10
36 341 2
689 688 4
21 195 8
401 156 9
383 606 10
862 897 9
700 799 9
284 411 4
848 218 8
279 914 10
910 951 2
613 992 2
388 13 10
327 415 6
167 150 2
529 365 1
887 417 10
217 701 4
0 901 2
228 532 7
439 442 10
992 407 2
234 147 7
23 474 4
320 641 5
871 170 2
24 409 9
975 627 2
338 979 5
920 559 7
768 999 1
567 991 10
710 225 7
218 600 1
142 272 4
216 496 7
359 520 6
919 495 5
180 186 5
46 106 4
92 226 3
284 145 5
883 207 2
629 425 5
201 567 7
766 135 5
502 494 5
648 413 3
772 945 9
228 991 7
892 435 3
554 719 8
560 954 5
144 935 10
680 488 8
488 255 5
793 757 10
969 757 3
641 882 9
851 110 2
167 2 8
709 909 9
748 821 6
642 317 1
314 997 10
553 838 5
927 983 4
796 952 2
431 946 4
11 797 4
582 965 9
941 674 8
372 775 9
757 417 9
77 83 8
238 636 6
654 564 9
828 712 4
759 143 10
924 506 7
847 89 4
125 382 1
664 754 6
25 863 3
703 293 9
730 531 5
948 538 1
796 366 6
301 477 1
400 401 8
297 600 9
862 78 1
102 742 8
117 119 1
902 822 4
770 905 8
626 853 6
47 1 2
884 303 1
864 55 2
351 704 4
279 567 2
942 669 5
359 787 6
991 689 9
565 811 6
374 437 1
369 836 4
82 720 9
272 585 5
215 288 9
758 568 6
380 862 8
96 221 5
931 212 6
941 129 9
208 503 6
328 224 3
154 306 5
282 930 10
466 145 1
707 904 9
514 284 3
991 732 6
607 15 10
264 957 10
732 165 5
990 846 10
84 0 8
898 634 9
650 101 4
690 160 8
650 674 4
472 18 8
867 977 4
826 594 1
267 326 8
564 668 6
85 104 6
912 3 3
670 5 4
926 695 6
85 697 2
881 521 2
408 388 10
951 566 4
803 186 2
173 750 3
388 835 7
956 99 10
158 122 7
813 48 2
980 485 1
821 366 2
33 127 2
574 430 1
357 234 7
170 759 9
652 499 6
239 455 5
828 965 9
775 130 7
768 110 5
811 932 1
22 317 8
326 891 1
196 248 5
604 418 6
114 423 5
459 662 3
255 842 8
174 617 9
492 738 1
296 901 3
467 923 2
116 601 3
196 797 3
862 753 4
639 867 7
564 678 9
648 934 1
697 460 1
877 952 1
168 601 2
742 420 7
634 536 9
416 85 8
151 299 4
304 939 1
232 855 2
822 855 8
902 552 8
304 430 2
444 598 3
837 340 3
154 326 2
72 95 9
491 246 10
664 902 1
57 134 8
128 956 3
485 210 6
654 515 8
775 311 6
850 149 8
344 303 7
727 871 6
570 469 8
235 371 8
292 857 6
772 165 8
609 727 5
263 594 2
390 906 9
592 407 9
937 62 5
16 789 6
212 711 5
231 946 8
308 590 5
355 714 2
875 323 9
419 586 4
123 329 10
231 921 9
789 210 1
475 227 10
680 791 3
706 22 2
103 682 2
709 38 9
480 265 2
331 684 1
424 807 2
775 391 3
533 532 6
353 8 5
314 40 6
986 747 10
957 202 4
871 912 4
499 744 9
802 75 6
692 499 5
263 626 6
108 511 1
515 216 9
149 530 9
926 869 8
77 178 1
910 401 3
134 252 7
974 55 3
499 99 4
184 715 3
611 175 4
571 690 3
539 839 3
900 117 4
7 194 3
317 456 6
891 590 9
210 917 4
604 416 5
849 600 10
721 212 5
457 783 5
409 675 6
243 575 5
299 934 9
181 604 6
168 847 8
56 57 5
351 13 4
746 863 4
855 936 8
492 393 4
818 154 9
336 750 6
970 49 2
151 582 8
788 750 6
367 807 5
864 510 9
777 256 2
642 464 8
720 956 4
933 126 10
173 462 10
340 433 1
441 936 3
499 724 6
756 91 5
70 955 5
398 84 2
941 727 8
69 799 4
294 84 10
673 609 5
155 949 10
37 742 6
502 593 2
717 349 3
443 772 1
327 170 7
820 464 4
777 885 5
42 179 9
434 204 8
288 711 9
927 749 2
854 251 5
505 320 5
599 763 7
1 442 9
488 263 3
53 392 8
418 787 9
218 221 6
628 861 7
986 140 8
87 994 1
134 851 1
178 450 6
346 452 9
36 940 4
191 345 8
230 763 7
449 334 10
576 962 1
62 948 3
2 388 9
192 522 10
55 52 1
32 750 5
452 786 7
487 977 2
915 560 8
833 361 2
973 937 4
973 351 4
818 353 2
656 898 4
698 953 6
190 337 6
134 790 3
722 277 2
303 544 4
352 378 5
383 351 2
728 676 4
22 846 7
703 855 5
907 553 10
514 743 8
520 229 10
664 951 9
137 606 6
171 959 6
565 694 9
249 423 7
932 797 4
320 852 9
607 111 2
198 626 7
127 498 6
846 162 7
547 299 3
792 822 4
767 740 9
445 989 4
151 273 3
704 593 5
464 200 9
777 751 5
833 878 3
118 725 7
706 624 8
901 416 1
54 183 1
254 980 2
229 131 5
353 188 8
330 652 1
418 430 2
132 263 2
696 734 7
422 792 3
799 693 9
351 100 4
643 706 4
924 288 6
478 641 6
978 971 8
678 389 10
481 873 6
162 921 10
921 695 2
303 847 8
454 198 8
787 842 4
101 766 2
898 597 6
883 575 7
520 605 9
292 86 4
327 600 8
96 521 3
9 177 10
616 631 1
675 418 3
441 871 1
494 769 8
189 4 3
208 877 8
968 169 6
601 496 7
860 944 10
463 953 9
912 922 10
912 949 1
106 390 4
67 885 6
976 426 10
109 986 7
198 954 6
374 908 2
502 768 8
503 231 4
682 496 6
843 760 5
775 219 8
579 638 5
504 614 1
433 75 10
240 274 4
567 0 4
391 854 3
158 357 6
231 39 4
578 883 7
875 10 6
562 589 4
486 93 8
188 879 4
877 471 10
873 38 10
776 781 4
800 940 3
408 523 3
511 102 8
727 329 8
514 891 10
939 729 5
627 269 4
742 499 5
483 372 6
872 500 7
467 301 7
419 709 3
763 572 5
342 652 4
932 166 7
111 106 8
735 85 7
239 179 8
565 662 10
930 886 3
77 705 6
515 476 7
477 592 9
893 934 1
638 866 10
626 329 8
343 65 5
682 656 6
519 221 10
81 504 8
143 933 3
858 448 1
634 278 3
334 523 10
687 162 8
558 140 8
535 484 5
301 166 1
598 685 4
557 766 10
754 261 3
8 119 4
738 105 2
413 440 7
22 127 1
849 37 2
6 924 6
932 225 4
162 823 9
318 732 8
329 486 9
922 846 1
667 584 8
690 349 8
236 371 7
297 573 6
498 931 10
535 864 5
738 378 10
978 48 4
985 378 2
606 300 8
698 319 5
895 9 4
885 245 8
353 542 1
859 392 2
288 927 8
295 665 7
476 644 5
390 981 3
141 939 5
739 637 4
625 533 5
508 770 1
467 123 5
647 982 8
111 271 7
438 918 3
144 394 9
251 784 10
735 926 2
520 17 9
975 642 4
440 502 4
502 322 8
106 969 2
455 432 5
732 871 3
26 367 8
964 618 2
235 706 10
798 578 9
647 553 3
380 345 8
884 199 10
863 306 1
824 113 4
409 197 7
911 223 4
808 539 5
842 127 1
153 925 9
482 572 4
156 305 2
333 541 1
184 404 9
5 228 3
258 637 10
734 549 6
929 709 5
743 903 4
615 57 10
65 891 4
421 47 1
122 733 2
374 917 6
933 922 5
957 532 4
178 266 5
623 548 5
960 643 8
423 259 7
164 676 10
830 97 8
800 571 3
664 946 2
579 231 5
75 188 9
561 366 8
595 342 6
691 302 9
339 77 8
747 594 7
47 424 4
746 576 6
530 592 4
231 172 5
207 599 5
716 160 3
843 108 5
518 799 9
836 490 9
766 238 5
372 637 1
427 735 7
54 265 2
627 496 6
783 704 5
479 772 8
542 615 6
298 485 5
709 321 8
549 439 6
983 811 5
193 591 10
331 645 5
62 625 1
317 760 7
524 240 9
891 782 6
718 432 1
344 141 5
461 690 4
168 25 8
512 218 9
591 550 6
287 964 1
128 282 2
376 158 2
397 401 6
32 119 8
505 815 2
299 629 4
532 797 10
929 662 8
269 605 10
255 893 7
865 373 9
588 749 7
551 498 10
648 883 9
826 388 6
849 687 7
562 571 7
653 501 9
611 770 4
822 25 9
998 243 2
808 183 4
776 735 4
145 383 7
985 561 5
993 762 4
629 325 6
415 978 7
863 941 9
269 116 7
919 466 2
591 275 5
716 403 2
339 901 6
846 886 9
92 879 2
26 509 9
531 276 9
889 492 3
369 761 9
227 32 7
328 975 4
965 691 8
336 383 9
91 229 7
112 673 7
543 51 8
651 934 4
89 175 6
821 545 9
21 124 2
688 453 7
981 418 1
30 106 4
628 550 5
465 662 8
533 205 10
110 208 4
315 649 10
13 823 7
471 196 1
314 884 6
781 218 6
643 600 3
536 229 3
10 46 7
509 931 2
60 393 2
546 708 3
207 721 6
413 545 5
95 859 1
231 992 9
488 635 10
500 523 1
414 533 9
990 395 10
123 455 3
464 1 3
159 208 7
324 973 2
38 69 3
989 652 8
509 140 3
630 993 9
332 407 4
432 750 9
111 873 5
535 690 8
20 849 9
578 525 2
329 916 3
643 257 7
950 118 10
245 749 3
63 433 2
766 866 2
865 329 6
771 217 6
678 589 7
498 167 2
940 496 8
154 491 5
21 442 4
732 687 5
84 750 8
195 868 6
409 733 6
144 856 5
921 887 4
547 385 1
698 677 9
118 184 10
794 557 2
589 289 1
133 373 3
463 920 2
658 329 7
535 825 4
629 746 3
312 645 8
514 696 6
212 814 10
402 608 7
385 550 8
408 683 1
180 498 3
173 509 3
252 44 8
187 26 7
9 690 2
216 205 8
453 417 4
874 171 5
852 909 5
119 317 10
111 849 9
24 375 8
266 627 4
685 814 2
203 175 3
367 391 8
226 197 7
900 71 1
886 924 10
422 395 9
641 507 10
711 531 5
290 149 4
266 186 10
267 390 5
959 757 9
208 335 6
875 235 7
417 473 3
868 895 9
988 889 6
957 600 9
654 243 10
977 509 6
819 776 8
483 736 7
891 944 3
496 171 10
525 940 4
477 808 1
177 796 10
32 106 3
122 760 6
361 89 5
787 908 1
954 392 9
231 635 6
195 132 9
394 657 10
67 486 10
988 664 9
149 48 5
911 171 5
916 884 4
782 23 3
425 330 7
155 913 2
830 108 6
381 502 5
520 922 2
171 262 6
619 411 6
173 323 9
839 591 4
595 726 7
907 151 7
315 306 10
358 489 10
534 870 3
718 742 5
741 913 7
428 533 10
164 58 5
422 250 7
565 845 3
84 104 6
932 419 4
342 777 3
563 663 3
935 734 5
581 475 1
489 904 6
161 68 4
155 490 4
741 408 1
405 492 5
572 424 4
46 118 4
8 682 7
193 969 3
119 903 9
959 392 3
36 553 3
820 61 3
205 154 3
436 560 5
122 484 2
876 530 10
111 891 4
9 436 4
642 907 9
750 867 3
114 255 7
546 427 10
820 633 4
503 421 4
29 543 1
980 771 1
402 234 4
857 244 10
282 238 8
610 340 7
683 454 4
661 352 2
700 172 7
893 27 10
999 409 5
589 741 7
61 143 3
777 1 9
576 283 7
635 246 9
913 929 5
447 942 7
408 642 2
706 535 1
425 886 10
39 475 2
777 889 5
750 666 8
318 594 4
477 582 10
327 847 1
632 294 3
288 54 5
469 112 2
30 537 1
351 577 8
62 354 7
269 456 5
828 127 10
671 604 4
112 931 1
834 563 8
146 204 2
452 25 5
646 407 4
726 759 1
985 173 8
782 442 4
948 271 1
357 294 7
700 759 1
243 593 6
80 92 2
323 896 8
679 542 5
573 620 6
395 606 10
572 740 4
558 688 7
318 398 2
387 450 3
739 693 6
654 773 10
126 97 7
975 776 9
231 349 2
247 745 10
788 669 10
771 227 10
730 898 8
631 285 9
995 24 4
952 30 8
2 508 7
948 483 3
788 715 5
249 314 2
20 102 1
179 225 1
731 955 9
328 938 4
728 933 10
822 886 2
41 240 1
357 188 4
801 976 1
595 578 5
838 598 9
751 130 7
891 861 2
929 541 3
604 622 8
655 444 6
736 837 6
326 546 6
752 347 5
244 295 3
51 133 3
959 236 5
445 127 8
239 56 10
323 12 2
340 667 8
596 756 5
443 82 3
479 186 10
843 431 7
137 834 3
381 793 9
756 591 7
343 182 5
824 505 8
575 845 7
474 793 3
210 589 8
492 68 4
474 263 7
750 752 1
512 133 7
511 241 10
637 585 2
523 409 7
70 337 4
989 811 10
311 374 9
68 866 7
364 340 2
442 91 4
355 955 7
61 466 9
710 455 6
893 979 7
229 401 6
762 390 10
441 702 4
61 122 2
749 486 3
700 281 6
403 636 1
592 49 8
22 111 5
389 4 4
165 585 6
631 699 6
612 493 10
615 554 3
836 304 1
750 4 2
755 760 10
68 704 9
847 78 10
81 467 6
295 984 1
262 967 1
619 579 4
679 546 8
861 383 4
233 485 1
535 593 3
824 661 7
515 508 7
316 941 4
122 588 8
512 202 8
954 822 7
889 501 4
379 714 9
172 947 4
322 834 7
584 11 10
902 526 10
650 842 2
513 964 2
713 829 5
880 135 7
978 25 10
623 404 6
651 928 3
517 251 10
623 187 1
95 442 9
74 92 1
347 958 8
209 23 9
625 255 4
511 233 1
602 857 7
407 860 6
511 377 9
450 1 6
752 96 10
580 522 3
251 870 3
590 431 6
758 56 1
413 919 6
94 521 3
530 280 4
895 791 1
863 242 4
371 994 2
320 927 7
714 178 7
66 768 10
793 878 8
775 291 9
991 385 2
415 916 2
700 163 3
11 379 7
26 750 4
490 422 1
476 137 9
684 555 9
323 701 7
722 476 8
40 467 6
231 883 4
702 583 9
316 946 8
173 325 8
376 815 3
506 291 10
166 327 7
946 2 8
252 724 5
201 764 4
888 347 9
491 401 3
962 717 1
459 890 6
59 618 3
81 124 6
592 642 3
658 588 5
778 192 9
374 746 5
437 634 4
736 478 5
970 440 3
502 251 5
360 310 4
32 391 10
700 335 5
342 994 5
339 124 8
59 498 6
896 287 10
79 375 10
664 697 2
318 200 4
214 560 6
729 944 10
721 644 5
355 339 1
929 678 5
48 737 5
913 633 3
765 65 10
446 81 8
568 399 8
293 965 10
328 695 4
459 416 1
574 123 10
34 404 10
971 453 9
405 718 3
479 835 10
929 282 1
76 202 10
775 495 7
34 175 2
237 635 10
437 561 5
328 595 10
897 566 5
556 324 5
200 803 1
909 84 3
51 160 5
592 287 2
98 321 9
300 911 6
621 348 7
66 29 5
267 278 3
921 834 9
997 386 3
557 647 9
751 698 10
795 290 7
38 741 1
809 41 2
214 14 2
533 80 1
447 347 10
631 620 6
140 618 5
804 527 2
552 279 3
813 426 5
362 465 6
232 274 9
13 840 4
846 373 6
357 172 6
498 156 6
825 296 6
539 100 4
253 4 5
17 818 1
71 180 8
219 764 4
407 777 5
610 623 10
598 332 5
933 182 1
888 8 9
166 899 9
971 152 5
55 169 3
917 593 5
245 812 9
198 219 6
344 182 2
864 780 6
908 713 9
460 953 9
308 471 8
608 442 3
912 849 4
387 767 7
41 12 1
460 562 3
7 907 5
530 123 7
386 383 2
776 843 5
174 503 7
823 111 1
625 375 1
949 762 10
217 804 2
298 616 6
950 623 3
136 154 6
454 892 1
485 668 4
821 194 9
629 17 10
880 643 6
332 944 10
551 161 4
134 811 2
279 113 6
684 249 2
211 703 6
122 540 4
227 362 10
836 991 7
555 223 10
2 555 6
564 458 8
929 592 1
911 224 5
516 908 6
979 119 2
334 241 2
709 821 4
630 657 8
216 564 1
798 919 9
323 483 7
362 412 2
213 323 6
177 191 4
742 522 5
363 856 9
877 917 10
400 547 7
267 116 1
710 914 10
708 237 5
516 600 8
917 165 1
542 342 3
427 436 5
784 152 4
382 29 3
801 781 3
229 401 9
221 111 5
133 819 2
527 687 4
334 605 9
817 499 3
139 279 10
335 63 2
740 797 3
415 950 4
637 179 5
327 752 6
931 885 7
124 413 5
270 99 10
580 916 1
233 407 10
674 743 3
267 835 10
889 250 2
292 239 1
97 918 4
364 201 1
451 678 6
577 948 6
308 880 2
538 113 10
48 787 5
972 54 2
694 295 3
365 588 4
568 685 5
523 401 6
363 852 6
969 781 4
26 89 7
647 628 10
28 89 5
352 495 7
46 791 1
764 379 6
332 416 10
855 817 8
570 22 3
891 803 9
917 245 5
917 225 6
297 253 5
802 605 3
618 4 4
700 768 5
935 452 3
595 659 2
232 229 4
876 473 10
124 390 5
208 659 10
594 957 5
420 759 2
742 729 6
207 429 6
51 364 10
663 311 9
445 895 9
600 772 2
911 896 4
467 457 4
896 403 3
282 175 2
274 918 1
621 477 2
89 529 6
8 544 10
587 989 5
747 942 7
380 853 6
755 321 5
438 569 8
430 204 5
533 830 5
365 451 3
626 892 2
604 901 8
893 840 10
77 587 2
386 319 7
591 74 10
605 865 2
374 647 6
318 181 6
885 898 9
577 877 4
150 833 7
267 726 7
726 155 6
479 541 5
86 484 1
717 441 6
918 815 6
675 486 9
262 371 7
653 300 4
936 450 9
472 69 5
200 796 3
515 627 6
501 713 3
561 783 4
839 701 10
764 377 8
222 639 1
578 644 1
164 580 1
582 404 2
79 604 10
83 119 8
628 620 3
10 534 6
186 373 10
177 137 7
654 711 8
854 289 3
706 805 5
656 740 10
379 819 4
899 254 6
46 882 8
258 245 2
606 783 7
655 960 6
433 614 7
202 820 9
264 526 4
611 534 4
10 913 5
365 164 9
840 210 4
640 821 1
621 779 4
680 434 6
875 867 2
782 69 2
330 686 10
35 649 6
481 659 1
745 24 6
616 217 8
721 857 9
423 830 8
908 510 4
353 386 3
764 520 5
995 850 3
456 885 2
451 718 3
711 464 9
136 432 6
124 505 5
284 928 6
224 836 8
949 541 6
542 305 6
908 652 8
960 108 6
13 911 4
725 974 10
813 111 4
119 587 9
985 223 9
330 799 7
890 749 8
835 643 3
653 551 5
320 863 5
225 876 6
201 601 1
640 414 4
864 885 3
944 871 6
953 553 8
149 443 7
887 631 10
929 284 1
976 604 4
130 182 2
548 383 3
940 23 7
443 239 3
237 184 6
254 137 9
71 638 5
637 525 6
198 807 2
310 135 6
285 265 10
136 165 3
588 105 9
807 900 10
559 137 6
886 392 5
414 815 4
90 453 1
45 3 10
636 314 5
184 599 3
913 736 8
378 676 6
218 483 6
649 394 6
265 280 8
369 47 3
112 137 8
85 535 4
864 171 8
779 707 9
311 973 7
360 703 4
515 273 7
571 922 4
116 187 4
405 909 3
509 373 1
419 458 8
332 323 9
911 102 9
89 765 2
356 125 7
299 641 10
77 564 2
250 32 2
56 437 1
260 298 4
602 717 3
479 401 8
880 312 2
988 402 7
421 110 4
557 409 7
966 838 1
649 441 5
520 849 2
652 109 3
806 712 2
770 191 4
409 71 6
150 59 10
8 832 10
343 389 1
320 707 2
212 709 3
137 229 2
850 234 1
862 392 3
296 514 7
779 923 8
926 425 10
828 433 2
839 128 4
260 448 3
871 13 2
275 502 4
176 352 8
538 567 10
613 863 6
879 994 9
568 920 4
669 100 9
251 940 7
926 552 8
308 775 3
400 50 5
73 578 9
980 116 6
631 81 1
796 960 7
236 881 8
101 550 8
751 153 10
529 79 2
756 388 7
700 140 7
794 213 5
593 545 4
310 528 5
891 676 8
817 912 9
16 365 9
316 116 5
907 645 4
699 754 4
265 454 6
234 601 1
780 194 6
443 504 6
188 747 2
245 917 6
535 285 1
375 953 7
369 861 5
795 560 9
960 177 5
266 411 6
136 192 2
904 987 7
551 175 6
523 772 5
758 307 3
711 35 6
427 404 7
493 551 9
961 512 7
588 130 10
463 618 4
885 874 2
163 426 7
540 301 2
835 411 1
767 122 6
4 902 1
103 395 2
761 709 6
949 297 8
549 112 9
44 349 3
175 512 1
834 405 2
265 240 4
355 359 8
481 715 10
363 818 8
796 580 7
94 881 6
521 782 8
271 827 8
544 2 2
594 188 7
298 453 9
61 161 10
298 994 6
790 709 4
677 857 6
273 951 10
518 825 2
227 96 1
934 992 4
858 939 4
834 237 10
403 298 3
682 948 7
29 738 8
843 415 5
940 40 9
919 910 6
33 138 4
973 424 7
268 282 6
752 117 3
41 872 3
843 554 1
991 584 2
200 779 7
914 71 8
284 991 10
479 24 8
475 997 5
111 266 7
38 18 6
850 411 8
664 254 5
74 597 9
575 797 10
844 63 1
153 348 2
372 179 8
82 654 8
216 117 4
632 155 4
518 357 7
275 21 3
939 96 10
539 23 9
270 867 2
721 372 2
514 745 2
332 827 8
851 43 6
636 27 1
439 897 1
357 525 2
529 464 8
650 356 4
568 626 3
549 699 6
231 214 3
444 898 10
311 749 5
648 385 2
141 176 10
991 533 5
862 414 1
182 64 9
877 632 8
439 533 7
726 764 3
758 560 1
969 872 2
223 872 9
857 13 5
388 356 10
444 219 6
316 753 10
897 630 2
104 421 8
362 148 2
835 258 3
557 228 7
29 803 1
589 660 7
974 400 3
595 196 4
631 513 9
82 410 9
814 866 3
431 228 3
164 415 1
458 973 9
976 354 5
367 943 7
475 269 8
587 217 4
623 848 9
411 282 1
182 96 7
374 879 8
66 396 5
368 206 8
899 183 4
233 902 10
579 377 9
326 316 8
622 939 8
782 703 1
353 885 9
141 611 1
510 29 7
295 397 5
404 296 8
220 529 2
979 109 1
359 787 8
957 761 9
754 896 2
186 601 7
715 94 8
475 605 7
983 252 7
697 8 3
947 228 5
450 207 6
331 919 3
880 876 7
368 982 3
560 521 4
988 236 8
28 63 5
96 46 7
562 95 6
677 394 6
321 845 6
426 528 5
670 408 3
676 776 7
930 688 8
433 29 4
383 57 7
937 153 5
744 68 3
911 745 7
658 418 4
613 196 2
487 866 10
589 895 9
26 825 9
983 259 8
529 642 5
137 579 1
144 675 1
246 938 8
94 597 6
788 210 2
9 50 10
991 639 5
101 17 1
899 353 10
727 882 4
963 371 5
705 515 3
867 113 1
774 208 10
451 348 1
324 709 1
64 52 2
698 153 10
510 53 5
581 780 9
294 95 10
291 801 8
963 20 1
573 795 1
133 246 1
255 923 3
427 987 5
238 37 9
419 548 4
953 129 6
721 776 1
213 67 4
220 382 5
692 307 10
725 792 8
105 47 1
547 474 10
394 65 10
42 836 8
95 790 9
280 863 7
912 428 4
346 648 8
152 693 6
753 418 8
952 875 6
75 775 2
184 169 9
683 563 6
82 10 8
963 642 1
619 554 10
695 252 10
152 404 3
917 157 3
475 462 1
432 537 8
215 73 7
64 109 2
749 191 2
576 506 6
618 126 10
737 821 5
209 325 9
373 243 9
308 70 1
118 502 10
55 717 3
513 133 2
886 882 4
917 810 2
294 429 8
873 518 1
57 727 7
998 453 2
448 761 2
8 879 4
457 286 3
331 151 7
963 37 1
138 306 2
819 600 3
627 473 1
959 883 1
265 881 4
166 329 7
489 689 6
314 498 4
857 829 5
885 792 2
795 282 8
868 102 8
370 81 3
743 40 6
843 658 9
748 176 8
414 666 9
311 980 7
846 189 9
180 74 3
903 222 6
580 90 10
209 813 3
311 556 3
649 751 3
867 499 10
767 265 8
707 928 8
794 774 10
414 306 6
826 209 8
873 141 1
374 702 6
956 365 2
931 14 5
563 234 6
724 1 1
551 60 1
711 854 5
60 620 1
835 447 2
185 672 3
977 47 5
582 3 10
95 934 7
359 850 1
826 574 4
558 478 4
218 189 1
652 601 1
744 788 10
45 325 3
839 302 2
335 236 7
844 683 4
720 394 4
182 220 10
997 778 8
521 996 9
603 0 2
953 96 1
455 493 6
629 332 1
850 667 9
778 864 3
641 936 7
354 119 8
346 116 8
815 989 7
474 592 7
85 898 6
837 705 9
915 334 2
295 536 1
615 314 5
267 956 4
666 662 5
933 8 1
682 824 3
428 650 7
175 87 7
370 925 2
410 840 8
783 487 4
824 102 9
80 722 7
273 388 9
937 673 10
70 355 4
544 784 6
962 311 3
279 33 8
652 443 10
360 579 9
955 755 4
865 835 8
731 461 6
612 750 1
501 172 6
566 68 2
281 31 3
435 662 8
515 314 4
434 26 3
545 982 8
110 847 5
397 579 8
72 543 9
772 44 3
179 962 2
371 595 5
225 30 7
465 545 3
500 332 10
762 229 2
131 339 9
335 736 10
353 160 3
473 284 9
117 463 3
830 186 8
574 764 1
332 581 6
405 81 10
856 195 9
289 326 10
569 13 6
781 718 8
183 543 2
334 661 8
798 491 6
506 418 2
596 750 3
583 507 6
255 715 1
155 4 7
395 574 3
370 355 1
210 890 5
981 576 8
568 375 9
46 233 9
287 829 10
462 764 9
717 371 5
168 527 1
296 922 7
438 644 2
651 854 5
55 188 1
472 108 8
732 154 1
411 794 2
192 256 7
832 973 8
188 493 7
549 142 9
835 932 6
829 583 10
713 638 8
525 462 7
713 547 3
485 310 7
87 854 3
805 686 9
542 875 4
511 776 6
49 963 1
584 792 4
326 857 5
255 735 9
293 448 6
486 933 6
472 372 2
67 177 9
987 72 6
400 583 4
308 984 7
500 569 2
923 247 9
337 502 4
566 148 4
693 634 10
131 458 2
422 877 2
752 864 4
957 617 7
642 277 1
939 777 2
380 700 1
30 390 6
416 308 4
601 353 8
72 484 8
916 259 6
937 11 10
30 321 9
58 963 6
718 254 3
300 986 6
832 369 8
867 785 6
50 738 9
219 811 6
847 79 5
352 16 8
73 398 1
412 456 7
379 174 1
124 826 10
569 659 9
756 526 6
603 577 6
803 148 9
488 995 8
784 699 4
444 125 2
424 889 8
720 268 5
623 392 3
864 313 2
474 421 1
221 376 10
706 180 8
355 20 6
434 805 5
178 249 2
671 25 1
621 98 10
745 721 4
47 937 10
361 411 1
201 984 8
970 690 10
239 397 10
504 832 5
821 362 6
262 33 4
593 6 2
544 751 5
887 151 2
248 512 5
679 65 9
838 387 1
177 626 1
536 483 5
53 304 7
170 566 2
313 511 9
554 55 2
868 295 3
471 543 7
485 574 2
835 412 9
876 941 8
666 478 1
640 883 5
328 53 3
49 367 7
129 921 4
961 142 9
295 613 5
142 99 1
405 934 4
56 162 7
333 180 5
445 820 8
861 500 4
843 902 1
689 31 4
295 344 6
843 640 2
639 134 3
10 539 9
145 947 2
221 280 2
128 77 5
917 938 5
760 782 7
322 823 1
806 118 5
783 314 7
374 305 1
768 667 3
97 812 10
588 386 3
611 866 10
807 783 1
152 544 5
750 218 8
732 24 9
707 160 5
673 886 2
126 655 10
470 752 4
761 692 2
685 655 8
335 463 2
627 615 8
701 717 6
950 450 3
318 509 5
704 534 1
396 12 8
107 482 2
630 244 4
244 929 2
371 616 5
634 243 2
441 944 9
819 895 1
573 565 2
487 622 7
639 18 9
799 477 4
710 459 8
666 703 7
277 75 6
351 709 9
392 503 6
502 674 1
415 247 8
836 86 10
144 77 10
465 876 7
268 939 9
315 957 2
643 234 9
588 937 9
129 681 4
966 183 8
346 950 7
995 787 3
915 283 2
204 748 9
323 16 10
901 683 7
534 327 1
243 267 10
13 748 1
286 714 6
585 412 7
131 408 6
115 675 9
176 231 8
466 554 4
695 807 8
881 342 7
653 585 6
362 598 5
104 236 1
30 821 4
258 304 4
273 771 9
923 299 10
970 766 7
386 813 4
485 47 8
911 52 5
308 767 5
102 871 1
963 253 4
588 511 8
621 136 1
329 60 1
620 382 9
818 768 2
824 605 1
171 516 4
456 825 1
690 279 4
513 594 8
156 182 1
456 803 10
526 484 10
248 457 2
736 275 3
390 99 8
90 623 7
843 431 4
715 121 5
459 986 10
456 495 2
668 951 8
17 829 4
426 78 1
570 814 7
834 204 8
351 647 1
89 490 2
652 206 6
847 665 2
988 473 7
959 141 10
438 159 2
402 937 10
822 859 6
870 693 3
18 397 2
788 486 2
342 491 10
17 338 7
30 326 2
539 637 4
998 76 5
991 478 2
62 652 2
948 523 7
742 893 4
183 33 3
466 375 4
308 744 4
166 775 2
498 666 9
971 16 7
955 8 7
228 70 2
361 370 5
188 464 10
411 999 3
473 466 9
378 126 5
621 292 2
542 790 8
453 113 5
791 68 3
608 649 3
429 10 6
125 198 10
714 962 10
688 787 8
686 166 4
133 139 8
354 34 9
242 487 4
498 630 5
410 590 4
744 371 4
449 496 5
971 562 9
140 251 8
127 289 6
592 422 6
349 129 10
249 371 9
263 221 1
49 631 2
132 727 3
577 529 2
573 500 4
531 640 7
629 119 9
244 711 1
351 412 2
492 14 5
472 629 6
83 678 7
284 810 7
208 387 6
629 313 6
965 844 6
551 825 5
779 422 8
782 773 10
913 618 4
768 90 3
843 173 3
902 809 3
688 18 3
3 999 6
170 964 2
625 868 8
551 999 10
540 133 3
941 399 1
357 519 4
401 362 9
124 616 9
656 568 1
11 919 8
181 884 10
158 104 7
61 455 6
953 589 10
895 988 3
252 507 6
653 221 4
129 190 4
786 846 4
418 210 4
636 391 10
635 902 4
593 315 9
228 269 10
369 164 10
283 768 7
708 421 1
874 551 1
589 689 9
873 459 9
76 95 3
515 82 5
410 675 2
760 255 1
700 977 5
979 260 3
118 321 7
478 195 10
380 136 1
128 9 10
439 437 8
141 952 10
97 714 6
368 475 3
261 527 10
317 858 1
142 976 2
740 806 9
889 538 5
431 667 7
80 458 4
529 599 9
709 48 5
916 768 2
730 29 9
170 347 8
222 489 6
243 581 5
163 470 3
219 253 2
637 333 10
493 215 1
301 276 9
527 192 10
229 922 1
809 444 8
896 666 9
664 261 10
590 776 2
702 996 5
186 633 1
127 478 6
668 131 2
608 659 6
317 888 10
408 697 5
197 946 3
828 962 5
39 552 1
73 606 9
7 792 5
979 272 3
166 940 5
277 900 4
284 218 4
214 978 3
940 527 9
684 707 3
338 747 7
121 820 4
251 179 8
15 159 10
610 325 2
984 955 3
369 239 3
994 805 3
316 97 10
937 782 10
871 472 9
358 945 9
451 197 10
40 564 1
902 174 9
703 510 4
757 231 5
29 577 3
631 246 10
113 183 4
302 406 7
942 764 4
402 567 1
41 608 8
192 862 4
20 565 7
155 323 10
881 704 8
413 688 4
395 801 9
158 455 5
746 397 10
280 799 9
362 192 9
9 736 1
535 108 9
571 263 4
190 497 8
739 910 6
182 657 9
512 168 6
897 914 5
398 546 4
466 261 9
847 622 5
737 157 4
545 80 7
380 271 6
568 10 7
795 545 4
176 57 4
11 306 9
596 56 7
331 875 8
259 722 3
924 811 10
697 357 1
85 89 4
971 657 6
119 805 3
924 981 3
898 344 1
138 940 8
276 624 5
324 883 7
698 159 8
877 208 7
489 646 7
724 617 6
970 88 3
464 364 4
16 262 1
227 752 3
846 29 7
340 705 3
556 403 2
935 632 1
24 122 7
850 198 6
37 520 6
30 985 10
355 353 5
25 580 7
988 426 6
926 118 1
748 674 6
82 962 9
624 986 3
812 188 1
969 225 4
214 255 9
175 611 2
399 988 5
728 328 3
85 255 2
148 355 8
613 437 10
711 413 8
635 225 6
758 194 4
401 408 1
29 936 4
362 335 3
628 415 3
321 501 8
132 649 6
969 262 5
121 326 9
258 961 4
936 71 9
191 472 9
701 853 7
175 216 3
989 844 10
131 517 1
881 649 10
338 619 5
232 740 3
540 350 4
426 286 6
506 477 10
346 531 4
123 706 2
587 47 8
466 178 6
847 411 5
228 749 4
224 982 6
546 874 9
182 652 5
537 158 5
68 505 8
101 980 4
702 567 3
500 33 1
815 232 5
779 813 4
715 37 8
742 584 5
120 766 7
137 655 6
983 723 3
360 825 3
795 879 10
277 731 5
289 546 10
713 678 3
239 745 10
746 839 4
480 960 10
219 449 5
764 432 1
518 144 6
252 939 7
553 568 9
887 209 5
806 275 5
890 514 10
660 612 10
13 445 2
485 664 1
611 780 5
461 298 9
488 902 10
395 455 10
33 694 9
569 853 4
784 743 10
95 403 3
246 769 8
357 606 4
269 217 4
965 679 4
453 167 6
584 562 3
283 947 7
544 517 10
727 301 4
777 748 9
791 995 8
250 704 4
725 326 2
628 291 3
533 97 10
340 33 5
602 669 2
558 213 9
368 292 2
273 421 3
581 212 10
11 814 6
694 539 2
947 519 6
231 52 5
331 744 8
697 346 7
658 257 10
489 625 3
972 250 4
204 831 9
783 842 3
419 889 5
380 188 4
337 420 9
391 103 3
479 800 2
587 810 9
557 299 6
171 272 6
206 828 7
454 612 2
869 31 3
823 763 1
296 453 3
526 844 8
149 675 8
470 263 1
400 172 2
955 343 6
760 901 5
748 356 7
931 577 10
3 400 5
616 48 8
0 575 5
488 76 10
127 898 3
577 298 7
31 253 10
756 365 2
310 113 10
828 45 7
729 400 9
394 368 9
863 369 6
177 857 2
519 984 2
771 914 10
548 945 5
19 701 10
392 364 6
473 192 3
779 274 3
189 668 4
648 883 3
33 61 10
847 580 6
558 703 2
920 603 7
534 975 1
866 367 5
311 841 9
153 972 3
747 162 3
710 162 7
42 547 10
583 394 2
461 305 7
252 225 1
341 111 6
483 977 5
989 288 6
687 793 1
12 541 5
356 603 7
232 998 6
873 933 3
446 746 8
723 351 5
955 692 8
162 527 6
736 516 6
504 203 2
596 567 3
850 924 8
618 508 6
933 734 2
347 180 8
66 255 9
362 210 3
770 724 10
507 461 6
532 317 2
55 265 9
119 115 5
787 85 4
804 370 10
755 718 10
453 784 6
853 147 8
946 269 3
565 776 6
701 660 5
744 716 10
354 835 7
889 974 2
284 779 2
413 886 2
74 691 7
991 545 6
471 491 7
323 408 3
340 461 5
26 205 3
977 560 1
43 801 5
194 85 6
67 850 3
659 276 4
387 268 1
614 739 2
110 414 3
734 106 4
370 132 10
723 109 2
263 504 3
129 698 10
775 117 10
659 776 6
234 515 6
355 129 7
318 591 3
690 677 9
876 48 3
915 771 4
866 386 8
618 867 8
159 994 8
198 653 4
865 240 2
153 595 3
179 265 5
972 308 2
222 184 10
957 451 3
800 669 1
500 639 9
249 798 3
116 348 9
112 565 9
623 718 6
615 250 1
551 222 1
813 796 7
474 753 10
259 906 9
429 406 8
819 7 8
852 124 6
890 588 2
168 563 10
393 178 10
235 82 4
738 247 3
424 721 6
914 980 4
424 762 10
574 581 10
521 785 4
817 675 4
30 195 7
961 940 7
143 176 9
898 914 6
450 690 10
108 956 2
671 733 6
993 307 8
322 828 3
127 997 1
520 379 6
476 341 7
962 484 5
883 734 1
50 185 3
939 293 10
513 316 3
848 309 10
117 631 10
820 110 10
550 630 9
827 458 2
45 773 6
439 656 3
99 58 8
802 350 3
813 863 9
557 63 1
608 181 2
487 353 3
68 255 5
677 82 4
978 128 7
116 919 5
988 19 3
397 173 3
99 986 8
469 895 2
149 503 5
813 990 8
587 59 3
343 88 7
206 66 5
194 534 5
190 522 6
245 919 1
649 370 9
269 192 4
600 341 7
816 506 7
33 93 8
857 437 8
763 995 7
150 542 1
456 84 6
133 329 7
983 331 8
171 600 10
254 552 3
840 368 10
768 401 5
108 610 4
535 373 2
381 875 4
114 331 10
369 464 10
895 799 1
144 970 3
233 576 5
368 768 3
657 889 6
743 349 6
267 236 9
138 618 5
903 84 8
752 453 5
283 348 4
145 845 7
607 430 5
621 798 4
355 807 5
490 551 4
235 170 10
706 660 10
52 915 4
729 667 7
575 303 8
869 448 3
837 408 5
381 773 7
737 580 1
227 483 6
815 5 6
521 665 5
573 580 1
654 600 7
230 903 6
451 703 10
640 463 5
373 845 10
420 582 2
372 161 8
228 976 3
223 849 9
679 422 1
329 429 3
978 11 8
973 814 2
865 454 7
731 827 2
370 599 6
941 972 10
348 200 8
113 775 8
543 454 2
553 784 1
516 762 4
733 87 8
6 952 4
95 35 4
28 405 5
544 699 7
925 399 7
282 512 4
489 55 9
471 961 5
233 829 7
359 914 6
298 921 1
692 368 6
617 396 4
141 292 3
638 217 4
686 852 7
510 341 4
140 164 5
554 750 4
82 109 9
49 407 2
969 451 10
277 68 8
990 562 1
754 552 10
917 590 2
945 100 6
29 592 10
425 146 2
299 580 1
439 630 1
852 599 4
281 228 3
810 218 7
280 324 9
320 242 9
563 187 2
148 568 4
250 994 3
101 293 3
414 84 3
134 936 5
657 569 3
601 379 4
107 12 8
517 684 10
166 247 10
267 396 8
312 646 2
504 747 7
277 513 1
31 999 9
737 9 8
320 962 8
825 70 2
302 939 6
374 105 3
985 724 1
164 37 7
338 541 7
804 170 2
707 554 2
897 291 1
305 611 3
444 788 5
595 91 5
430 817 2
864 802 7
695 318 4
523 656 7
451 813 8
893 872 2
334 769 3
136 74 7
548 870 7
735 465 8
861 247 7
92 464 1
400 511 10
393 34 6
632 838 9
41 731 1
652 417 3
906 553 7
124 453 10
131 540 7
580 401 7
199 846 1
619 246 2
710 992 8
106 624 6
666 665 9
99 669 6
301 927 1
929 52 7
428 535 7
745 467 9
661 18 7
41 638 3
284 348 5
913 806 1
29 473 6
579 924 5
195 225 5
67 154 9
393 583 4
260 328 3
880 341 2
346 734 2
410 370 2
115 283 9
795 664 4
493 244 8
859 791 5
153 858 9
851 252 2
436 864 2
489 96 5
912 794 9
973 204 9
734 671 3
654 467 7
399 312 3
68 171 4
962 325 5
11 176 9
994 613 5
658 454 1
662 366 5
401 691 1
861 777 3
253 432 2
662 183 4
666 604 5
110 566 2
116 929 9
374 276 4
848 934 8
418 948 6
134 701 7
406 563 4
998 168 8
761 830 4
836 849 8
731 959 4
654 75 6
754 801 2
467 649 8
986 419 6
871 905 8
799 311 1
153 662 9
642 423 2
315 260 1
592 343 2
788 349 9
913 104 2
314 923 1
353 910 2
988 133 7
325 285 10
577 790 2
998 432 8
601 748 10
53 692 5
816 480 4
6 745 8
997 411 4
989 764 4
400 753 9
68 430 6
47 360 6
689 710 9
458 311 9
487 364 1
211 532 4
284 538 1
814 887 3
267 876 7
982 276 2
830 344 5
316 743 5
943 432 5
651 890 8
459 729 4
312 940 6
997 225 4
427 39 1
621 658 9
580 640 7
291 822 3
785 490 6
991 434 1
555 85 1
134 897 3
77 561 3
552 910 10
917 689 1
169 311 9
297 891 9
53 182 2
505 320 2
53 311 6
33 219 4
255 705 3
207 783 4
100 335 4
569 605 3
430 126 4
948 424 7
459 829 2
440 687 2
263 740 5
169 125 6
864 380 2
456 588 7
609 40 2
24 609 9
776 391 6
192 692 2
498 151 3
691 943 2
852 206 4
29 727 9
776 591 10
877 47 10
113 656 10
37 680 1
917 809 3
924 353 7
355 203 10
320 895 3
971 99 1
67 128 9
935 905 10
536 134 8
725 600 6
954 989 9
145 906 8
79 831 3
57 538 6
186 858 3
258 182 3
240 249 3
598 536 10
548 73 5
545 150 7
550 105 6
588 602 4
787 33 7
339 90 6
447 276 6
449 886 10
551 126 1
134 725 8
325 273 3
299 170 3
577 72 10
492 13 2
18 800 5
374 492 5
621 939 3
727 388 9
718 292 8
959 778 3
736 103 8
290 755 8
642 332 2
452 177 5
215 195 6
660 921 10
546 543 9
61 622 9
109 340 3
636 299 1
240 387 7
469 677 2
516 320 6
340 124 3
824 339 10
461 351 2
590 250 7
10 311 9
819 772 1
271 761 3
854 353 10
540 823 10
981 691 2
106 31 6
761 856 7
962 669 1
733 260 1
751 622 4
391 793 8
372 65 9
4 271 3
375 811 6
424 144 7
145 602 1
342 715 7
879 678 6
471 763 8
313 515 1
466 258 4
95 630 1
134 634 4
878 362 7
445 786 1
703 932 6
993 626 3
491 505 1
659 976 5
438 289 2
840 107 10
684 203 3
296 689 9
532 919 1
578 364 8
121 419 2
618 413 8
830 904 6
721 915 4
727 354 4
600 194 3
731 230 6
493 879 7
242 411 6
352 989 10
601 462 10
134 80 5
942 911 1
959 984 7
952 711 3
587 663 7
330 394 10
627 888 9
614 482 2
519 834 3
141 788 6
182 922 6
988 216 9
698 175 3
676 480 6
8 67 9
887 397 4
996 25 4
336 991 6
87 510 2
179 3 2
734 537 5
722 525 3
972 576 1
207 252 1
152 613 8
113 852 8
468 200 5
711 536 6
788 623 6
699 154 2
751 241 9
77 963 5
971 287 3
393 494 5
295 999 10
265 112 4
632 932 4
376 995 2
111 783 7
708 834 2
661 937 3
800 366 8
816 338 5
408 83 2
604 379 1
766 644 5
779 276 7
345 4 2
446 467 7
523 527 1
754 189 1
578 341 7
365 157 7
791 917 1
712 873 10
984 991 4
368 123 2
684 468 6
347 266 5
793 789 2
74 895 1
996 825 2
932 542 1
559 334 10
269 398 4
710 383 7
795 751 10
156 436 8
873 135 7
409 929 8
120 355 4
373 351 9
614 283 2
717 194 8
736 815 6
981 525 9
218 672 3
929 180 1
109 53 6
555 814 5
142 935 2
977 308 3
638 274 9
841 991 5
378 80 1
665 61 8
336 631 1
758 561 1
968 670 7
665 577 1
292 719 8
273 697 6
958 335 1
278 176 4
792 906 4
122 571 8
682 259 1
562 17 2
974 337 4
440 3 3
73 295 3
640 568 2
868 878 9
18 156 7
863 949 5
437 423 8
776 105 8
746 19 5
630 346 5
535 138 8
18 211 5
572 204 5
175 72 4
113 442 10
931 305 1
655 94 5
302 870 2
561 617 4
486 247 10
452 782 8
69 800 2
333 724 6
517 899 8
932 364 10
504 295 7
24 302 2
320 957 2
74 518 9
847 356 8
318 808 1
575 229 3
396 914 10
421 432 9
870 716 4
761 220 1
958 245 4
249 917 1
410 991 1
541 190 8
918 508 8
430 84 8
95 832 2
484 254 6
772 476 3
777 238 5
78 548 10
33 797 10
945 559 1
375 100 2
514 371 10
462 801 6
991 896 9
434 732 5
310 505 1
254 282 1
418 712 9
180 745 8
859 690 8
881 66 10
94 932 1
816 746 3
621 737 1
611 172 4
855 834 1
928 88 5
590 858 8
449 390 3
456 601 6
375 483 4
395 929 6
785 745 3
329 719 10
122 330 4
295 186 8
677 466 8
341 56 7
718 857 9
193 666 1
358 41 6
941 436 5
456 574 3
70 255 2
422 377 2
945 672 10
655 349 6
452 43 5
460 761 2
859 306 8
211 664 2
46 957 10
162 766 4
376 836 10
957 258 9
221 556 2
670 211 3
938 15 8
614 476 2
795 687 8
995 250 5
588 648 2
617 810 8
573 187 7
784 496 5
372 717 1
985 740 4
300 678 10
657 292 8
128 439 5
258 786 5
52 726 3
155 344 5
673 269 4
379 405 1
695 777 10
568 115 10
651 415 10
102 424 2
29 905 4
995 163 2
211 215 9
75 370 5
102 395 4
315 126 9
377 822 8
157 742 3
28 745 10
578 848 5
419 229 10
404 225 5
528 788 2
26 864 4
220 966 10
35 633 8
255 363 2
252 520 4
365 548 10
596 478 10
900 898 9
461 654 4
185 182 3
828 560 9
842 780 7
251 167 2
138 422 5
200 675 7
355 392 8
904 988 6
653 241 6
984 702 1
187 240 5
531 68 6
91 262 8
617 865 6
129 4 10
355 556 5
102 263 9
749 520 8
874 525 9
250 509 3
632 49 5
548 580 6
673 24 10
283 993 6
60 122 2
259 478 8
134 932 3
752 681 3
711 907 9
911 157 8
166 141 7
12 690 10
279 715 4
809 998 7
204 58 2
955 318 2
614 804 4
536 908 7
979 620 4
299 883 4
776 49 5
655 414 7
114 693 3
949 502 1
425 706 2
728 13 2
509 627 6
574 164 4
320 495 6
974 794 2
137 922 3
793 577 7
140 43 3
554 992 5
614 418 4
437 498 9
578 360 7
523 934 3
729 607 10
906 581 4
319 70 8
782 215 8
658 707 1
932 261 4
357 228 4
192 665 2
40 596 2
868 471 9
860 200 6
699 459 9
684 778 1
944 560 8
781 571 6
661 503 7
534 212 7
177 756 5
671 149 1
524 17 2
312 230 5
59 281 4
387 318 4
489 262 7
807 43 10
832 56 5
470 591 8
337 120 6
221 143 5
53 668 5
4 332 7
508 392 8
471 131 6
917 621 10
923 428 3
852 612 10
636 434 3
985 123 5
443 696 9
697 749 7
673 754 9
879 262 3
367 86 5
524 3 8
944 278 6
758 130 10
629 118 4
91 456 8
26 899 4
456 948 6
202 622 10
632 501 4
807 220 2
761 97 7
688 41 5
395 151 7
66 781 8
171 224 4
48 602 3
974 58 1
649 612 5
430 597 9
473 404 9
955 517 8
791 205 9
258 952 3
854 370 4
273 541 8
796 942 1
218 268 9
941 269 4
285 699 1
483 524 5
254 831 2
121 975 9
382 233 3
794 439 3
987 713 4
756 509 8
776 80 6
207 21 5
250 658 4
890 142 1
286 396 2
199 869 9
317 251 2
91 45 4
883 384 9
568 141 10
196 269 10
91 476 3
256 78 4
471 320 6
563 606 4
135 805 3
385 474 7
517 565 4
792 800 9
780 369 2
629 917 1
911 8 8
565 616 6
878 440 7
333 3 5
888 490 3
313 876 9
341 745 7
414 537 7
224 669 8
175 298 5
396 209 6
445 775 4
572 5 4
20 339 10
75 579 10
639 244 8
677 585 3
633 0 2
742 576 1
219 752 2
966 500 3
721 297 10
444 221 6
960 242 7
479 669 8
840 308 3
78 337 8
412 971 10
636 65 9
528 284 3
719 602 5
472 675 2
703 120 3
588 432 7
516 911 6
24 751 6
776 181 4
465 946 7
155 582 2
773 110 8
847 830 1
421 654 6
292 357 8
736 298 10
423 814 3
130 838 5
146 614 8
851 80 4
527 587 6
268 712 7
645 559 9
625 980 5
633 624 2
760 712 2
320 135 7
142 618 7
68 764 2
528 615 4
581 494 3
569 762 7
315 759 6
595 385 8
529 18 4
172 130 6
114 450 4
222 945 2
168 365 8
729 893 5
74 475 9
6 44 3
354 711 2
909 658 9
148 187 7
11 359 10
939 825 10
2 47 7
683 216 3
832 297 6
596 372 3
206 730 9
578 85 10
61 346 10
930 847 7
168 858 9
537 797 4
709 151 4
825 186 10
307 18 7
35 966 1
237 524 4
836 454 1
497 516 7
817 446 4
675 614 5
893 504 4
289 213 6
84 38 4
743 698 3
51 85 1
84 322 6
847 510 10
399 360 6
945 529 4
691 204 9
647 450 5
752 91 8
9 175 8
453 270 8
267 321 3
47 757 8
352 956 10
464 355 10
739 653 9
165 696 6
205 343 8
749 447 9
506 457 4
653 910 4
203 529 7
485 576 5
442 281 1
614 745 9
793 836 2
854 1 8
471 206 3
538 955 10
48 813 7
381 819 9
336 22 8
964 507 5
350 302 8
693 916 3
391 61 1
742 267 3
789 738 1
531 276 9
720 324 2
719 57 3
627 745 5
417 62 5
783 412 7
430 105 5
174 496 6
754 590 4
688 379 4
181 262 3
629 335 9
242 406 9
675 385 4
129 802 8
443 585 1
411 367 8
647 541 7
593 296 7
158 336 9
813 517 1
745 146 8
354 389 4
372 416 10
487 897 2
665 693 10
607 104 7
654 752 9
550 697 7
37 207 3
607 20 1
87 118 9
255 472 10
180 196 6
139 35 4
253 52 7
952 659 3
18 666 7
978 568 6
234 957 5
179 564 6
641 652 4
249 259 8
599 439 6
716 931 1
731 184 4
439 136 5
604 506 1
520 837 10
838 423 7
362 602 2
259 243 6
274 845 5
113 796 6
148 864 9
219 596 3
694 387 1
828 991 10
629 864 7
350 702 2
676 416 5
567 676 10
814 302 7
320 416 3
266 916 8
846 487 6
259 181 3
511 362 5
270 991 9
218 693 3
942 369 9
268 289 7
837 103 2
956 424 10
518 42 6
297 888 4
672 499 7
435 11 9
189 633 2
159 204 5
831 146 7
271 414 6
740 603 9
511 559 3
50 78 5
857 727 6
800 400 5
629 835 6
467 376 2
1 887 6
227 70 2
823 341 8
60 433 1
49 944 3
813 346 1
620 204 10
315 356 10
509 985 7
67 805 5
258 158 2
653 385 2
546 561 6
205 621 9
115 670 6
937 836 2
189 456 8
169 771 5
900 632 10
467 699 7
761 957 5
295 962 1
546 860 4
843 65 5
574 533 8
249 470 4
622 12 2
200 533 5
134 433 7
405 252 9
482 366 6
716 661 1
688 559 1
221 403 7
376 329 10
905 578 2
918 200 4
91 400 9
35 534 5
611 940 7
591 774 3
177 490 6
429 179 6
189 400 1
15 128 10
726 33 10
908 303 10
453 394 3
884 781 7
748 745 9
864 336 3
699 513 6
194 942 5
601 484 7
763 851 6
254 578 1
323 838 7
593 643 3
615 527 5
523 275 10
724 492 6
698 191 2
163 737 6
159 339 10
556 454 2
433 709 2
695 32 10
261 977 5
574 944 3
668 820 10
507 544 2
34 594 5
75 758 5
411 917 6
582 825 10
605 610 9
206 306 4
997 567 1
432 493 6
746 161 6
687 20 2
769 407 6
745 482 6
811 245 6
216 180 1
428 785 2
996 344 10
301 341 7
232 125 3
459 223 6
506 911 7
97 32 6
634 129 10
930 941 6
495 509 8
237 937 3
590 286 9
249 587 3
828 819 10
900 630 4
485 136 5
443 585 9
808 572 8
8 502 1
805 349 1
782 938 8
896 529 4
355 130 2
859 310 3
488 210 4
341 48 2
457 491 10
605 652 2
235 12 6
805 169 5
885 951 5
903 199 6
558 906 7
449 765 7
512 254 10
557 947 8
90 405 1
209 362 5
900 949 7
445 755 6
691 992 9
876 895 1
941 454 7
489 255 5
348 119 1
769 676 8
238 767 5
198 976 8
515 229 7
491 674 4
989 366 7
789 594 4
789 887 10
48 729 6
72 77 5
702 198 4
631 436 3
966 986 1
15 501 10
661 345 7
767 686 5
513 475 9
506 617 8
306 665 7
713 89 6
239 791 4
794 422 10
116 388 9
119 755 10
350 769 7
608 536 3
232 49 1
802 907 8
260 565 3
446 630 2
62 870 5
875 664 9
477 133 10
417 252 5
858 954 4
645 563 10
469 795 1
769 598 1
38 210 6
620 656 7
643 718 9
809 946 3
398 775 8
727 544 2
811 402 7
665 399 2
406 869 7
197 990 7
247 29 9
214 1 6
812 645 6
280 806 4
765 204 1
382 931 5
604 95 8
132 112 7
223 518 8
461 715 9
650 314 10
48 529 1
455 341 8
581 974 5
356 739 1
907 121 5
1 77 10
850 561 4
99 136 2
216 950 10
676 600 4
517 0 5
8 456 9
847 389 3
141 745 2
344 652 5
478 6 5
59 856 6
752 955 5
963 524 5
594 552 7
188 70 7
14 430 5
182 277 4
324 771 2
205 115 6
912 593 2
696 4 1
393 756 8
227 71 4
11 666 7
747 206 9
836 220 9
732 403 6
18 727 7
49 285 2
84 197 7
478 893 1
728 638 9
637 866 1
71 229 7
409 329 5
817 165 5
655 897 8
770 267 8
9 316 3
362 753 10
309 583 5
611 311 3
670 300 1
152 371 1
300 780 10
654 597 7
228 252 6
558 375 4
615 384 2
309 746 5
200 407 8
984 19 1
758 41 2
399 545 5
621 845 8
820 851 7
888 79 2
853 989 7
438 604 3
340 913 9
346 465 9
584 449 10
836 560 1
37 959 8
314 932 3
723 752 4
729 992 5
340 197 7
678 636 3
400 328 9
221 674 4
449 258 4
400 95 6
392 484 7
929 150 9
663 873 3
248 603 5
264 295 2
270 974 10
233 726 8
461 299 3
154 100 3
649 500 10
704 892 5
70 821 7
368 484 1
770 732 6
164 997 1
108 619 7
687 852 6
947 313 5
529 468 6
73 117 6
713 174 9
189 244 2
815 613 7
315 383 1
122 900 10
873 360 10
301 399 4
456 346 8
911 227 8
466 301 7
873 14 1
821 203 6
295 370 1
253 686 4
943 160 6
335 385 6
346 687 6
209 495 4
738 406 2
87 224 5
554 98 1
546 271 6
783 566 6
633 819 4
219 115 5
704 802 10
902 148 9
499 709 5
442 800 3
613 887 8
789 793 8
979 340 1
724 475 10
192 109 9
345 328 6
11 384 10
711 286 10
801 785 10
35 228 10
28 193 9
597 983 3
264 314 5
554 391 10
763 583 9
144 280 9
991 292 4
641 355 2
790 156 8
1 192 8
12 572 3
911 169 8
603 785 3
987 691 6
198 807 9
167 951 9
815 294 1
200 287 6
872 78 5
681 431 7
70 444 1
652 355 10
922 310 5
506 297 6
481 495 3
391 14 6
229 182 3
712 382 10
549 606 10
543 639 2
81 709 6
191 714 3
470 636 3
886 494 2
994 975 9
908 366 4
126 947 8
638 659 2
789 561 9
19 104 8
32 538 10
137 729 4
301 552 2
423 438 6
194 784 3
812 693 1
797 819 8
964 809 10
866 598 1
726 969 7
873 1 5
434 490 5
709 791 9
620 214 9
377 408 4
461 573 9
911 370 8
661 335 9
70 553 9
392 279 9
818 504 10
135 939 1
829 648 4
779 621 9
167 350 9
340 812 2
558 75 5
947 736 10
497 158 5
646 550 4
764 721 8
235 856 7
845 37 8
951 816 1
919 983 1
999 676 5
301 586 1
677 534 9
388 31 8
652 677 10
195 793 1
242 29 7
581 874 6
920 177 2
880 96 8
190 96 4
17 749 10
567 426 6
205 814 10
354 466 7
54 13 1
474 607 2
103 540 8
120 460 6
602 340 2
771 883 10
616 900 9
47 819 7
13 24 3
714 379 1
92 785 4
264 259 2
465 714 2
893 835 5
498 789 7
199 912 2
701 528 2
951 575 3
628 940 10
822 6 1
483 99 6
156 363 5
789 829 2
963 722 7
949 220 8
275 771 10
837 824 8
650 776 5
283 756 8
292 578 4
32 61 5
557 570 9
693 711 10
544 26 2
582 975 4
409 251 7
500 440 2
767 90 10
314 373 6
153 17 4
646 49 6
943 958 8
251 4 9
740 548 6
303 483 1
438 244 4
696 745 4
427 864 5
638 178 10
253 331 8
447 330 9
54 273 8
231 876 2
119 968 2
386 623 7
277 61 2
122 109 9
56 889 3
80 527 4
181 781 5
948 228 7
469 282 2
596 865 10
79 984 8
462 723 3
681 0 4
144 474 6
352 530 5
776 962 2
379 144 3
666 444 3
282 913 5
876 861 10
345 292 7
135 755 10
547 788 2
373 932 6
308 636 9
484 412 1
835 792 7
320 458 4
32 92 7
379 320 9
590 18 3
786 505 10
57 52 8
680 777 10
778 437 6
406 921 1
348 757 3
435 77 3
318 461 7
466 840 10
476 431 8
779 569 3
188 627 7
738 307 5
219 85 4
985 843 6
867 192 5
189 979 4
673 649 5
601 115 8
850 944 9
469 75 8
241 615 7
770 353 7
724 573 4
819 910 8
484 777 2
610 318 1
813 991 2
830 944 9
687 795 3
975 264 8
184 858 4
373 628 9
869 704 2
802 523 2
931 360 1
252 970 9
904 136 2
205 966 7
974 653 4
38 980 8
826 516 8
581 889 6
41 758 2
723 913 6
666 844 6
387 449 8
777 353 4
159 559 10
485 885 5
310 923 7
399 101 4
347 34 5
274 76 6
906 151 9
413 817 5
928 556 6
765 334 2
91 845 1
30 682 8
975 992 1
603 391 5
396 738 9
783 13 5
928 271 6
338 684 6
944 612 2
0 729 8
761 172 3
433 203 5
990 530 9
822 133 1
756 882 1
77 665 4
121 945 5
669 283 1
34 227 5
307 579 5
915 340 9
719 773 2
206 115 4
684 290 10
554 398 2
515 475 9
840 949 4
437 618 9
717 4 6
962 311 8
288 578 8
786 650 4
840 856 1
423 892 3
844 447 2
147 314 9
115 506 8
380 943 8
280 13 2
408 327 6
115 967 6
162 753 8
687 945 4
328 721 7
610 565 6
643 713 2
152 180 8
961 913 4
389 193 9
172 601 6
619 716 5
997 231 8
24 918 6
260 598 7
36 561 2
963 204 7
556 708 8
655 670 1
50 411 6
458 583 8
545 555 6
599 552 9
759 576 10
864 836 10
42 224 1
433 539 8
242 95 8
879 103 8
781 153 9
876 964 5
925 509 10
43 461 2
391 572 8
10 436 7
580 478 3
62 263 3
101 857 10
849 736 3
266 869 7
447 98 3
211 23 2
530 418 5
401 810 7
200 172 5
188 104 5
401 519 1
505 620 8
56 469 5
359 88 6
167 535 4
939 746 10
572 628 8
19 381 10
685 933 5
140 474 9
424 875 8
324 732 1
434 788 10
280 499 10
995 18 5
161 309 3
350 234 1
309 253 4
79 290 8
373 782 2
123 207 9
41 883 3
283 669 3
642 949 5
794 945 5
128 106 7
913 808 1
973 117 6
119 196 6
198 921 9
399 45 8
179 438 3
43 721 3
695 715 2
199 509 9
426 990 7
962 903 5
732 228 5
459 347 1
476 545 5
924 296 10
283 827 10
878 870 3
142 566 8
355 117 10
514 543 10
482 505 3
907 589 3
801 48 1
243 877 8
607 801 5
368 437 2
919 667 5
191 809 1
179 164 10
380 30 6
219 513 3
313 772 5
635 925 5
657 168 2
225 128 6
441 848 3
484 768 10
398 959 1
878 490 5
180 870 8
25 441 1
79 106 5
723 742 10
768 751 10
689 976 8
764 769 9
628 254 9
159 652 10
499 883 1
356 63 3
243 440 5
995 519 3
519 243 7
968 11 9
937 52 7
387 817 7
37 445 1
455 605 3
536 456 6
756 812 1
551 55 1
787 402 3
129 921 6
566 241 9
754 531 1
270 629 9
659 75 9
466 32 4
2 488 9
111 653 2
662 708 2
449 463 4
578 736 1
144 978 1
250 861 2
873 483 3
781 142 10
582 608 2
575 962 3
995 73 6
906 735 6
748 184 9
743 115 6
136 259 6
936 862 9
549 735 4
792 516 6
461 98 6
515 25 8
57 21 4
252 927 9
507 27 6
578 123 1
385 259 2
522 195 4
520 745 1
353 537 10
680 998 10
967 513 6
216 922 9
539 174 6
950 34 6
545 964 9
607 349 8
928 871 3
464 743 8
86 448 7
225 128 8
167 95 1
782 663 6
770 203 10
37 153 6
332 50 10
102 657 9
779 585 2
652 401 5
621 488 3
128 65 3
985 232 10
707 14 4
352 136 7
524 526 2
729 210 2
251 313 9
769 92 6
863 96 8
347 718 8
632 198 3
44 535 6
904 242 2
427 947 1
505 471 7
736 552 9
17 803 2
955 925 5
830 788 3
459 487 1
576 471 1
759 516 6
526 772 9
307 551 8
929 56 9
77 144 1
436 161 7
107 468 2
223 650 10
436 462 9
718 38 1
551 149 9
566 27 3
176 687 4
733 616 2
113 694 6
694 130 9
430 589 9
443 165 9
244 953 1
532 671 2
644 574 3
272 141 1
24 317 10
679 403 6
390 516 2
597 562 4
965 344 4
153 787 1
344 31 4
996 916 7
39 560 2
584 833 3
156 209 2
415 889 7
642 279 4
564 229 6
967 194 1
312 700 10
174 396 2
637 744 8
124 784 8
537 720 3
739 876 3
962 291 2
589 933 3
84 849 2
141 169 9
191 833 1
381 8 7
954 645 1
443 121 7
140 658 7
375 749 3
467 712 6
800 653 2
412 89 1
606 230 10
994 422 4
434 155 4
270 461 9
202 904 3
271 44 1
707 771 1
372 238 5
327 38 10
568 803 9
11 409 9
622 755 3
715 189 10
520 811 1
619 13 5
543 636 2
773 344 3
105 716 4
501 395 4
550 316 7
40 327 8
409 949 3
903 17 4
553 537 5
663 508 1
30 51 7
441 177 3
975 282 9
748 136 7
912 38 3
230 79 2
310 840 1
144 743 10
168 648 10
2 664 10
554 694 2
743 487 1
275 814 5
876 563 1
872 827 10
536 409 1
527 719 1
819 864 6
129 32 7
680 386 1
739 293 7
202 36 6
842 311 10
117 187 3
527 411 2
328 947 2
208 474 3
928 294 7
96 775 1
912 455 10
392 546 3
270 749 1
635 591 4
814 708 2
909 588 5
182 916 3
513 125 9
268 405 5
886 501 10
889 413 7
278 157 4
312 779 3
382 414 6
467 581 5
388 842 3
425 24 1
409 890 6
867 158 2
972 44 3
203 933 9
890 563 8
475 875 8
809 609 4
734 77 5
720 817 7
294 242 2
785 651 2
400 871 10
773 843 6
648 46 10
288 732 6
763 960 3
924 569 7
659 998 3
731 816 10
26 410 3
811 414 6
563 285 7
337 480 2
337 878 3
625 167 8
710 282 8
725 207 9
83 218 8
365 949 6
766 327 8
310 138 2
535 54 9
303 743 9
955 80 10
479 705 7
736 415 1
953 492 10
92 575 10
581 293 2
886 59 9
953 722 10
787 609 4
905 913 7
856 868 7
37 347 4
33 84 9
15 389 2
557 481 9
316 62 2
377 300 4
118 606 6
349 393 5
282 650 8
310 858 8
418 895 8
231 280 4
811 296 3
884 205 7
533 521 1
826 251 4
179 721 10
254 70 5
291 704 5
240 366 6
58 784 1
927 367 2
232 530 10
926 767 5
102 652 8
45 478 1
640 658 2
489 264 4
83 907 8
679 148 4
134 558 10
485 28 9
69 559 10
995 326 6
450 330 5
847 808 6
487 818 9
976 435 3
411 342 10
90 842 6
577 400 5
414 237 4
234 306 5
333 302 3
620 104 3
264 951 3
221 438 2
860 766 9
602 177 1
503 619 6
578 196 6
315 962 6
80 196 2
404 881 6
758 501 10
90 766 1
934 987 1
245 199 7
343 801 4
136 305 6
771 235 4
158 550 7
783 630 3
67 386 7
4 144 8
694 586 6
686 521 6
117 118 5
313 814 9
39 950 6
384 73 1
277 231 2
485 367 4
890 434 1
176 438 7
315 484 6
221 523 7
818 992 7
614 305 1
212 696 3
467 80 6
958 710 10
351 547 9
726 437 5
488 613 5
395 929 2
240 502 5
958 320 7
794 934 4
445 499 1
749 966 3
775 276 5
736 979 3
416 706 2
530 194 6
434 941 7
175 181 1
791 491 1
47 286 7
313 83 6
275 832 5
669 959 1
774 47 3
778 463 9
219 993 5
626 780 7
314 955 10
504 747 2
366 146 10
163 459 5
810 86 9
424 756 1
667 882 8
889 660 4
169 231 9
643 858 9
411 172 7
361 29 4
154 395 2
585 910 4
99 721 10
149 497 6
159 516 10
569 405 10
442 926 4
660 922 2
659 333 6
965 46 7
370 200 3
273 137 3
636 236 4
438 738 4
995 897 10
435 466 8
886 908 4
569 797 3
580 483 1
897 529 7
619 82 9
892 219 4
881 808 9
671 546 2
666 443 2
453 262 1
340 170 4
261 91 4
724 23 7
604 272 8
282 891 10
803 136 2
76 369 10
526 40 8
300 58 3
561 512 5
123 852 8
208 113 9
91 189 5
457 145 7
705 428 1
386 583 7
287 11 8
348 537 8
955 837 6
710 750 10
374 873 2
561 82 8
192 525 9
198 335 5
124 40 5
294 778 10
952 418 1
979 766 10
398 74 10
876 784 2
865 510 6
59 72 10
718 616 7
566 814 2
912 938 4
38 585 3
747 889 1
819 869 9
429 619 3
228 495 9
129 713 10
256 772 4
817 842 10
256 408 4
677 673 4
491 711 1
435 811 1
797 630 2
925 59 1
480 639 9
170 121 2
19 377 4
292 547 6
533 803 6
236 832 9
582 323 3
512 110 4
684 259 4
725 537 6
738 17 5
246 539 6
467 559 6
812 203 3
999 737 8
946 325 10
567 259 6
899 124 6
394 808 6
519 886 3
704 624 2
529 870 3
826 689 2
501 167 6
852 256 3
798 933 5
365 193 10
616 669 7
362 477 4
882 715 8
586 339 1
467 561 4
294 250 7
147 103 4
223 307 2
27 106 6
393 823 1
644 792 10
891 154 9
96 36 7
94 975 6
956 442 10
519 88 2
398 236 6
443 811 5
745 190 3
332 584 7
112 228 1
913 471 7
543 920 6
889 366 1
927 322 3
878 194 4
79 592 10
736 35 3
701 132 3
123 464 9
721 928 10
111 193 3
8 89 3
645 330 9
905 257 4
959 135 8
102 215 2
481 303 7
375 4 2
108 128 6
128 849 7
377 313 2
450 673 1
794 318 2
153 223 1
186 182 9
765 637 6
936 118 9
142 846 4
185 954 2
693 434 3
129 812 6
110 614 9
181 408 9
934 913 4
944 451 7
442 216 4
507 152 4
876 647 10
601 832 6
102 525 3
156 654 7
172 117 3
212 650 1
923 584 7
856 880 8
972 323 5
77 182 9
653 410 6
74 11 9
802 465 4
964 622 1
290 146 8
582 358 10
634 281 4
952 138 4
722 462 9
356 892 4
846 545 4
632 971 8
250 773 5
745 89 7
895 379 3
514 313 4
783 300 7
988 604 7
74 326 2
834 34 4
777 881 1
483 513 2
552 115 8
86 860 7
243 108 9
897 622 4
262 758 4
261 746 9
749 172 7
700 7 2
895 784 3
635 619 6
699 171 3
536 258 3
462 853 1
472 102 6
796 717 6
771 978 2
999 79 7
906 780 4
199 27 10
21 663 10
708 714 3
510 602 3
524 416 6
647 889 1
392 685 8
247 456 8
200 808 7
326 66 9
811 265 7
433 638 2
322 698 6
86 560 8
109 84 4
984 731 5
666 475 10
713 74 9
442 627 7
899 953 3
839 117 10
455 550 8
86 224 8
783 310 8
82 419 2
798 756 6
402 774 3
692 488 8
142 930 5
48 181 10
372 21 7
313 828 9
892 915 3
169 50 6
6 133 7
279 931 5
284 685 10
117 729 10
376 871 10
910 271 4
101 643 7
58 956 5
268 200 2
703 369 3
448 727 8
316 7 1
941 643 6
340 760 6
579 136 9
100 398 1
155 500 6
231 910 5
136 178 5
307 881 5
881 681 2
940 998 1
930 291 5
958 631 7
715 562 6
343 14 4
243 170 6
139 753 6
343 889 7
99 549 10
225 430 4
727 371 2
939 653 3
443 611 6
60 326 10
165 22 6
20 265 8
376 756 2
993 451 1
789 551 2
171 776 3
234 855 6
647 795 1
351 590 3
38 650 1
287 167 3
254 188 1
392 564 9
283 557 1
63 699 4
745 870 2
209 104 10
396 751 5
236 102 7
40 140 8
523 779 5
675 33 3
797 777 9
676 60 7
358 476 8
591 221 8
952 782 4
521 530 7
237 118 1
896 511 3
853 34 2
329 61 7
994 859 5
222 887 5
360 245 3
549 836 4
256 140 8
771 14 8
37 251 9
757 147 10
969 352 4
312 34 5
41 380 6
547 954 3
113 315 8
156 216 6
419 473 7
169 596 1
448 634 4
846 391 4
107 713 8
50 377 2
407 418 2
974 965 7
77 79 4
776 235 10
312 6 5
340 175 2
30 976 8
675 174 1
468 282 4
318 332 2
201 91 2
113 66 8
331 495 7
216 623 4
317 287 10
244 627 8
767 657 4
924 685 8
824 505 10
790 823 5
781 25 8
542 490 6
621 173 3
779 389 7
172 58 4
572 302 2
851 69 1
754 345 8
183 170 4
895 960 7
291 93 4
130 987 4
36 609 9
788 388 10
516 913 9
532 837 3
175 688 5
827 794 10
165 329 2
8 224 4
26 867 9
70 998 7
955 34 8
14 174 8
813 43 1
23 575 10
536 102 8
470 929 2
101 94 2
903 102 8
368 129 6
927 551 4
825 506 10
332 520 6
931 686 9
444 709 6
793 245 8
831 67 8
14 169 2
527 424 7
265 144 8
222 71 9
825 896 5
166 580 8
681 864 6
240 308 5
77 101 3
665 284 2
182 299 1
145 826 7
211 443 2
758 665 5
208 842 4
165 360 4
642 42 8
509 634 8
733 711 10
907 728 4
149 910 5
911 408 4
98 971 7
781 82 5
535 290 9
538 455 10
474 449 4
273 958 8
381 692 1
590 951 10
435 100 2
932 12 10
255 462 4
373 595 6
509 130 6
488 21 2
179 847 3
912 120 2
279 501 6
61 443 7
220 231 10
994 163 2
823 770 6
976 495 1
563 5 3
89 845 4
422 24 3
204 936 4
297 215 7
82 276 1
819 849 4
8 843 7
561 18 9
576 347 4
538 910 9
630 999 4
96 773 8
408 978 4
193 275 1
480 710 10
562 881 1
875 241 4
703 802 4
301 730 1
394 620 2
845 250 3
140 698 7
108 107 7
363 652 4
186 132 6
285 46 7
937 273 8
432 976 2
945 629 2
806 376 2
929 221 5
403 361 3
299 821 2
877 185 5
83 723 9
998 360 6
795 297 1
832 729 8
376 674 9
297 832 5
191 113 8
687 517 2
529 168 3
183 46 10
137 481 3
927 479 3
764 626 10
875 811 1
314 187 6
382 484 10
827 27 4
196 714 1
927 596 9
480 779 7
569 268 8
734 195 10
906 960 6
728 835 7
278 149 4
855 883 1
617 710 8
140 907 5
532 834 1
92 666 2
51 588 10
490 322 5
409 580 7
307 660 4
663 939 3
559 146 7
939 763 9
698 255 8
524 139 5
594 232 3
147 283 1
616 773 5
633 535 6
961 842 6
125 857 7
789 416 6
337 355 9
596 406 7
465 930 6
521 877 8
244 24 3
554 993 9
539 978 4
456 939 6
681 64 3
550 206 2
565 543 7
343 491 5
81 957 6
607 478 3
716 722 9
109 629 2
627 168 10
32 624 10
279 657 6
383 207 2
904 772 6
133 468 9
767 549 6
332 156 7
126 873 9
945 334 8
756 313 8
898 345 4
979 976 2
124 359 9
828 264 4
75 397 2
813 516 1
861 849 10
387 975 5
987 272 1
217 29 4
614 927 1
988 906 7
371 382 8
609 562 2
324 637 1
155 803 10
888 664 9
129 51 6
595 38 9
395 255 10
860 222 9
22 562 7
808 933 9
657 894 2
771 219 1
281 726 4
660 966 8
240 95 1
148 690 10
328 437 7
537 297 1
25 319 3
771 479 8
251 137 5
294 908 4
327 541 2
810 554 9
310 146 4
860 294 7
801 974 4
350 511 4
120 888 3
805 11 5
774 615 4
638 261 2
73 588 5
235 399 1
715 61 8
290 921 4
556 75 9
612 425 2
965 897 1
989 54 4
493 829 9
838 819 1
739 893 9
886 480 10
586 547 1
433 837 5
279 746 2
747 710 9
78 675 8
650 16 3
234 862 4
784 700 5
244 792 10
645 678 2
444 616 9
657 402 9
143 681 5
56 780 5
394 210 2
981 861 10
975 447 4
150 231 5
145 476 9
384 121 7
456 917 5
426 926 7
234 69 8
140 477 10
756 871 1
399 205 4
59 532 1
932 683 2
858 180 10
576 916 3
324 372 1
689 799 9
455 385 1
255 526 8
186 282 2
976 682 7
979 93 9
781 25 4
815 236 6
324 812 3
659 489 5
911 178 6
89 985 4
689 592 10
767 779 4
68 755 6
926 87 9
316 868 7
390 683 3
995 360 5
517 19 6
764 930 4
161 19 2
944 61 4
605 828 3
549 248 1
526 174 10
245 490 10
693 232 6
25 580 8
521 449 7
507 565 9
22 79 10
523 375 1
617 981 1
841 882 9
173 408 5
944 5 8
936 698 2
611 723 2
998 597 4
756 104 9
796 126 8
855 2 4
976 971 7
628 164 9
177 338 7
603 634 3
520 570 1
22 533 7
455 531 4
338 639 10
139 435 8
18 291 10
921 619 1
509 247 6
627 776 6
506 732 2
38 252 3
620 626 6
278 82 10
533 772 9
892 911 7
82 930 8
921 203 9
84 713 8
411 692 5
76 198 9
727 588 1
301 561 10
409 839 4
48 373 6
678 617 10
744 699 2
453 973 5
133 57 10
61 468 3
117 896 1
905 975 10
297 629 1
316 38 2
769 438 7
347 116 5
836 213 6
959 18 9
933 504 8
973 565 8
57 34 4
987 291 2
858 588 1
290 257 9
562 378 9
910 725 7
524 913 10
542 872 1
532 158 5
580 483 2
447 540 6
563 879 9
654 90 7
726 732 6
836 294 5
384 557 2
400 81 8
982 975 2
582 508 2
38 440 5
411 887 7
466 802 9
516 808 9
802 534 1
50 370 8
324 754 5
27 507 8
644 489 4
838 423 4
189 813 4
376 224 3
102 42 8
60 558 6
108 712 1
241 762 1
668 86 8
4 466 7
421 462 6
166 300 1
771 842 4
816 218 8
749 320 10
836 381 10
731 841 2
513 434 5
666 454 3
573 458 9
339 232 2
946 750 4
976 874 6
171 690 4
238 791 5
699 627 8
70 711 1
801 576 8
295 242 2
228 167 3
978 858 7
839 804 9
705 132 3
60 655 4
634 245 5
880 944 5
859 366 8
31 168 4
990 815 9
52 395 6
276 374 5
84 565 1
642 270 6
427 683 1
902 669 7
168 549 3
414 760 10
723 143 10
257 134 5
737 538 3
32 166 7
538 250 4
201 244 5
348 23 10
150 925 9
846 94 10
191 860 10
902 584 5
781 193 9
827 930 9
269 314 5
437 205 7
171 406 2
527 106 5
566 256 3
274 103 9
883 646 9
604 548 5
468 681 8
819 508 8
707 130 5
114 567 10
770 738 8
23 617 4
948 183 10
502 809 5
150 692 1
10 648 1
455 117 2
92 936 3
12 995 5
246 109 2
37 880 3
234 903 10
537 203 4
96 57 5
463 207 8
475 570 8
36 377 5
629 821 3
83 833 1
667 431 10
819 468 2
61 54 8
